Edge(0,10803,75.679275)
Edge(0,10803,69.126477)
Edge(0,10803,45.652382)
Edge(0,10803,46.0499)
Edge(0,10803,82.665467)
Edge(0,10803,25.228315)
Edge(0,10803,31.222036)
Edge(0,10803,18.252886)
Edge(0,10803,17.0683)
Edge(0,10803,26.737076)
Edge(0,10803,17.819419)
Edge(0,10803,7.777972)
Edge(0,10803,33.075014)
Edge(0,10803,50.754695)
Edge(0,10803,135.610406)
Edge(0,10803,547.299036)
Edge(0,10803,1269.639517)
Edge(0,10803,30.916745)
Edge(0,10803,17.427958)
Edge(0,10803,5.511623)
Edge(0,10803,229.632807)
Edge(0,10803,499.191983)
Edge(0,10803,10.973894)
Edge(0,10803,25.180883)
Edge(0,10803,507.134104)
Edge(0,10803,9.8909)
Edge(0,10803,9.222622)
Edge(0,10803,221.196938)
Edge(0,10803,233.286686)
Edge(0,10803,20.261089)
Edge(0,10803,7.317021)
Edge(0,10803,221.700124)
Edge(0,10803,45.566176)
Edge(0,10803,21.270985)
Edge(0,10803,877.210789)
Edge(0,10803,227.688816)
Edge(0,10803,21.42644)
Edge(0,10803,7.073648)
Edge(0,10803,34.373948)
Edge(0,10803,321.414267)
Edge(0,10803,12.859185)
Edge(0,10803,317.850422)
Edge(0,10803,13.318946)
Edge(0,10803,16.275794)
Edge(0,10803,91.322694)
Edge(0,10803,10.608499)
Edge(0,10803,66.07307)
Edge(0,10803,11.574703)
Edge(0,10803,61.070746)
Edge(0,10803,12.503978)
Edge(0,10803,48.874782)
Edge(0,10803,24.934686)
Edge(0,10803,10.76198)
Edge(0,10803,31.466024)
Edge(0,10803,344.73313)
Edge(0,10803,348.909971)
Edge(0,10803,408.0396)
Edge(0,10803,436.870553)
Edge(0,10803,67.082047)
Edge(0,10803,55.186187)
Edge(0,10803,149.661604)
Edge(0,10803,147.095957)
Edge(0,10803,89.543797)
Edge(0,10803,14.72097)
Edge(0,10803,95.567537)
Edge(0,10803,33.841566)
Edge(0,10803,11.820785)
Edge(0,10803,39.150895)
Edge(0,10803,31.737561)
Edge(0,10803,9.21734)
Edge(0,10803,10.433976)
Edge(0,10803,16.064857)
Edge(0,10803,41.825139)
Edge(0,10803,197.67707)
Edge(0,10803,159.50467)
Edge(0,10803,240.911277)
Edge(0,10803,181.260086)
Edge(0,10803,144.059752)
Edge(0,10803,167.494278)
Edge(0,10803,112.975565)
Edge(0,11001,77.26573)
Edge(0,11001,37.831375)
Edge(0,11001,111.650623)
Edge(0,11702,79.507992)
Edge(0,11702,290.584532)
Edge(0,11702,13.828219)
Edge(0,11702,977.614017)
Edge(0,11702,599.356524)
Edge(0,11702,1002.765342)
Edge(0,11702,97.746805)
Edge(0,11702,608.777252)
Edge(0,11702,182.23874)
Edge(0,11702,407.689105)
Edge(0,11702,1530.994179)
Edge(0,11702,1712.166466)
Edge(0,11702,2582.52479)
Edge(0,11702,1919.08907)
Edge(0,11702,2181.404844)
Edge(0,11702,1232.70146)
Edge(0,11702,68.862234)
Edge(0,11702,78.309812)
Edge(0,11702,50.890834)
Edge(0,11702,2399.46153)
Edge(0,11702,62.698468)
Edge(0,11702,25.385373)
Edge(0,11702,624.989423)
Edge(0,11702,628.156413)
Edge(0,11801,97.567735)
Edge(0,11801,158.232619)
Edge(0,11801,120.393266)
Edge(0,11801,156.123107)
Edge(0,20108,318.225749)
Edge(0,20108,101.537609)
Edge(0,20110,25.437101)
Edge(0,20110,34.988443)
Edge(0,20110,31.875961)
Edge(0,20110,113.660356)
Edge(0,20113,2361.808245)
Edge(0,20605,2441.417503)
Edge(0,20605,1922.438147)
Edge(0,20605,2605.466717)
Edge(0,20605,2010.343077)
Edge(0,20605,2872.203833)
Edge(0,20703,55.201752)
Edge(0,20703,2137.681268)
Edge(0,20703,265.056805)
Edge(0,20703,111.65178)
Edge(0,20703,588.945727)
Edge(0,20703,756.243655)
Edge(0,20703,1341.667956)
Edge(0,20703,93.075958)
Edge(0,20703,469.113128)
Edge(0,20703,2887.626302)
Edge(0,20703,1479.430287)
Edge(0,20703,2767.846334)
Edge(0,20703,182.436706)
Edge(0,20703,43.216936)
Edge(0,20703,54.259258)
Edge(0,20703,317.397469)
Edge(0,20703,205.045964)
Edge(0,20703,105.573194)
Edge(0,20703,101.222468)
Edge(0,20703,96.244364)
Edge(0,20703,87.12169)
Edge(0,20703,1112.485974)
Edge(0,20703,929.149436)
Edge(0,20703,574.175575)
Edge(0,20703,612.748884)
Edge(0,20703,135.63018)
Edge(0,20703,600.300315)
Edge(0,20703,186.21325)
Edge(0,20703,1277.225683)
Edge(0,20901,72.40487)
Edge(0,20901,220.475523)
Edge(0,20901,124.381811)
Edge(0,21004,2228.734487)
Edge(0,21004,2556.900399)
Edge(0,21004,2346.129646)
Edge(0,21004,2078.534115)
Edge(0,21004,2447.557425)
Edge(0,21004,342.89933)
Edge(0,21004,840.19208)
Edge(0,21004,221.305138)
Edge(0,21004,821.625964)
Edge(0,21004,1859.722188)
Edge(0,21004,1350.274036)
Edge(0,30301,67.331997)
Edge(0,30301,224.027273)
Edge(0,30301,20.457571)
Edge(0,30301,55.512606)
Edge(0,30301,30.196298)
Edge(0,30301,445.418719)
Edge(0,30301,43.668535)
Edge(0,30301,242.282691)
Edge(0,30301,161.156673)
Edge(0,30301,276.085915)
Edge(0,30301,94.012065)
Edge(0,30301,29.780982)
Edge(0,30301,200.616391)
Edge(0,30301,1069.192234)
Edge(0,30301,66.800149)
Edge(0,30301,202.642298)
Edge(0,30301,49.312619)
Edge(0,30301,69.813199)
Edge(0,30301,143.774968)
Edge(0,30301,42.661385)
Edge(0,30301,247.722507)
Edge(0,30301,434.81679)
Edge(0,30301,93.192556)
Edge(0,30301,90.373575)
Edge(0,30301,210.996935)
Edge(0,30301,55.793318)
Edge(0,30301,90.355588)
Edge(0,30301,55.221491)
Edge(0,30301,404.885888)
Edge(0,30301,117.032796)
Edge(0,30301,363.436398)
Edge(0,30301,28.379837)
Edge(0,30301,78.302191)
Edge(0,30301,141.355263)
Edge(0,30301,158.225266)
Edge(0,30301,452.631958)
Edge(0,30301,100.596661)
Edge(0,30301,93.637858)
Edge(0,30301,126.042878)
Edge(0,30301,163.97964)
Edge(0,30301,112.871618)
Edge(0,30301,97.335859)
Edge(0,30301,69.334369)
Edge(0,30301,38.175523)
Edge(0,30301,13.884928)
Edge(0,30301,18.780709)
Edge(0,30301,10.879044)
Edge(0,30301,15.778327)
Edge(0,30301,17.254863)
Edge(0,30301,114.979409)
Edge(0,30301,141.061655)
Edge(0,30502,1780.902144)
Edge(0,30502,1892.449399)
Edge(0,30502,518.618564)
Edge(0,30502,26.690012)
Edge(0,30502,153.763669)
Edge(0,30502,25.787114)
Edge(0,30502,164.972352)
Edge(0,30502,106.671769)
Edge(0,30502,77.486699)
Edge(0,30502,164.630692)
Edge(0,30502,99.273066)
Edge(0,30502,105.433829)
Edge(0,30502,178.540607)
Edge(0,30502,858.420959)
Edge(0,51004,118.449049)
Edge(0,51004,133.653427)
Edge(0,51004,229.943489)
Edge(0,51004,155.634459)
Edge(0,51004,624.589344)
Edge(0,51004,1429.617384)
Edge(0,51004,715.994712)
Edge(0,51004,98.363177)
Edge(0,51004,46.551995)
Edge(0,51004,80.734901)
Edge(0,51004,160.771514)
Edge(0,51004,15.811921)
Edge(0,51004,265.422508)
Edge(0,51004,66.231733)
Edge(0,51004,184.714475)
Edge(0,51004,75.377561)
Edge(0,51004,70.186727)
Edge(0,51004,55.633655)
Edge(0,51004,115.024728)
Edge(0,51004,197.178718)
Edge(0,51004,72.465647)
Edge(0,51004,94.796046)
Edge(0,51004,108.606905)
Edge(0,51004,49.406158)
Edge(0,51004,28.602766)
Edge(0,51004,85.001094)
Edge(0,51004,474.973121)
Edge(0,51004,43.170056)
Edge(0,51004,45.428019)
Edge(0,51004,275.661618)
Edge(0,51004,66.393675)
Edge(0,51004,96.922747)
Edge(0,51004,87.435212)
Edge(0,51004,111.664145)
Edge(0,51004,78.369717)
Edge(0,51004,84.478041)
Edge(0,51004,60.320801)
Edge(0,51004,31.276042)
Edge(0,51004,62.407728)
Edge(0,51004,90.011314)
Edge(0,51004,86.009345)
Edge(0,51004,121.150931)
Edge(0,51004,168.900859)
Edge(0,51004,126.198379)
Edge(0,51004,14.3775)
Edge(0,51004,27.648901)
Edge(0,51004,133.847243)
Edge(0,51004,67.154647)
Edge(0,51004,206.111951)
Edge(0,51004,55.222863)
Edge(0,51004,195.658815)
Edge(0,51004,11.714099)
Edge(0,51004,45.427988)
Edge(0,51004,268.982599)
Edge(0,51004,44.379266)
Edge(0,51004,52.771365)
Edge(0,51004,50.69078)
Edge(0,60106,261.076236)
Edge(0,60106,401.807045)
Edge(0,60106,739.99323)
Edge(0,60106,300.656316)
Edge(0,60106,885.116491)
Edge(0,60106,1944.826658)
Edge(0,60106,322.408754)
Edge(0,60106,1249.148602)
Edge(0,60106,429.792917)
Edge(0,60106,203.160823)
Edge(0,60106,157.558893)
Edge(0,60106,123.760114)
Edge(0,60106,188.065144)
Edge(0,60106,110.713326)
Edge(0,60106,117.09302)
Edge(0,60106,112.336952)
Edge(0,60106,81.13579)
Edge(0,60106,76.132963)
Edge(0,60106,581.177925)
Edge(0,60106,1815.252535)
Edge(0,60106,393.75772)
Edge(0,60106,82.754589)
Edge(0,60106,744.74895)
Edge(0,60106,236.280563)
Edge(0,60106,676.11124)
Edge(0,60106,188.278527)
Edge(0,60106,929.630555)
Edge(0,60106,202.477976)
Edge(0,60106,622.671775)
Edge(0,60106,1802.33494)
Edge(0,60106,2297.682117)
Edge(0,60501,1859.801979)
Edge(0,60501,123.353784)
Edge(0,60501,117.851979)
Edge(0,60501,133.48034)
Edge(0,60501,104.538285)
Edge(0,60501,129.489748)
Edge(0,60501,109.840836)
Edge(0,60501,300.436515)
Edge(0,60501,131.281444)
Edge(0,60501,65.080166)
Edge(0,60501,124.142327)
Edge(0,60501,113.550933)
Edge(0,60501,142.518948)
Edge(0,60501,160.920725)
Edge(0,60501,143.451838)
Edge(0,60501,180.546982)
Edge(0,60503,123.398464)
Edge(0,60503,71.399129)
Edge(0,60503,376.575798)
Edge(0,60503,60.414573)
Edge(0,60503,37.98186)
Edge(0,60503,65.338254)
Edge(0,60503,88.738365)
Edge(0,60503,777.303534)
Edge(0,60503,234.091115)
Edge(0,60503,899.676279)
Edge(0,60503,1270.268612)
Edge(0,60503,501.878937)
Edge(0,60503,35.085663)
Edge(0,60503,638.797311)
Edge(0,60503,160.830292)
Edge(0,60503,841.360697)
Edge(0,60503,415.711134)
Edge(0,60503,13.35039)
Edge(0,60503,257.808584)
Edge(0,60503,246.493295)
Edge(0,60503,504.320109)
Edge(0,60503,144.544508)
Edge(0,60503,1223.3111)
Edge(0,60503,590.40988)
Edge(0,60503,218.75755)
Edge(0,60503,199.13294)
Edge(0,60503,966.581032)
Edge(0,60503,202.414402)
Edge(0,60503,877.929538)
Edge(0,60503,2015.812482)
Edge(0,60503,876.053094)
Edge(0,60503,235.909271)
Edge(0,60701,447.439599)
Edge(0,60701,348.655197)
Edge(0,60701,546.955113)
Edge(0,60701,78.181552)
Edge(0,60701,105.492918)
Edge(0,60701,66.324144)
Edge(0,60701,73.33751)
Edge(0,60701,125.943759)
Edge(0,60701,111.726203)
Edge(0,60701,109.348411)
Edge(0,60701,1204.555105)
Edge(0,60701,262.788649)
Edge(0,60701,97.570234)
Edge(0,60701,7.741918)
Edge(0,60701,60.515892)
Edge(0,60701,38.288532)
Edge(0,60701,39.531521)
Edge(0,60701,43.135029)
Edge(0,60701,1907.497219)
Edge(0,60701,139.354793)
Edge(0,60701,1336.351551)
Edge(0,60701,387.878094)
Edge(0,60701,94.192917)
Edge(0,60701,2167.842439)
Edge(0,60701,306.572396)
Edge(0,60701,783.55879)
Edge(0,60701,56.991148)
Edge(0,60701,429.056095)
Edge(0,60701,49.429058)
Edge(0,60701,154.207217)
Edge(0,60701,55.432305)
Edge(0,60701,38.409629)
Edge(0,60701,14.996393)
Edge(0,60701,27.314256)
Edge(0,60701,52.400063)
Edge(0,60701,343.582459)
Edge(0,60701,930.710583)
Edge(0,60701,1172.118068)
Edge(0,60701,847.53191)
Edge(0,60701,151.953405)
Edge(0,60701,105.921887)
Edge(0,60701,245.760051)
Edge(0,60701,457.564589)
Edge(0,60701,99.089761)
Edge(0,60701,357.341)
Edge(0,60701,404.599547)
Edge(0,60701,1195.372822)
Edge(0,60701,186.424004)
Edge(0,60701,181.070576)
Edge(0,60701,211.536428)
Edge(0,60701,243.101002)
Edge(0,60701,33.097455)
Edge(0,60701,329.131032)
Edge(0,60701,112.840806)
Edge(0,60701,106.073072)
Edge(0,60701,73.070758)
Edge(0,60701,48.891691)
Edge(0,60701,56.190247)
Edge(0,60701,84.545662)
Edge(0,60701,750.267732)
Edge(0,60701,149.234814)
Edge(0,60701,3042.672193)
Edge(0,61004,851.681647)
Edge(0,61004,974.442831)
Edge(0,61004,629.346791)
Edge(0,61004,292.007524)
Edge(0,61004,301.955636)
Edge(0,61004,73.782629)
Edge(0,61004,1256.993224)
Edge(0,61004,418.963897)
Edge(0,61004,1598.261102)
Edge(0,61004,706.761999)
Edge(0,61004,223.451792)
Edge(0,61004,152.865179)
Edge(0,61004,72.367093)
Edge(0,61004,80.068374)
Edge(0,61004,169.899608)
Edge(0,61004,82.126701)
Edge(0,61004,982.31757)
Edge(0,61004,627.325319)
Edge(0,61004,733.130678)
Edge(0,61004,269.9575)
Edge(0,61004,1042.389862)
Edge(0,61004,1293.253741)
Edge(0,61004,1265.321772)
Edge(0,61004,2017.513887)
Edge(0,61004,122.816008)
Edge(0,61004,335.133078)
Edge(0,61004,704.553879)
Edge(0,61004,1985.40562)
Edge(0,61004,1265.953464)
Edge(0,61004,436.895051)
Edge(0,61004,645.932867)
Edge(0,61004,2191.050306)
Edge(0,61004,495.398328)
Edge(0,61004,482.949527)
Edge(0,61004,313.559441)
Edge(0,61004,227.129278)
Edge(0,61004,997.030384)
Edge(0,61004,686.227999)
Edge(0,61004,261.10186)
Edge(0,61004,32.126231)
Edge(0,61004,261.721674)
Edge(0,61004,750.801358)
Edge(0,61004,86.971979)
Edge(0,61004,401.291892)
Edge(0,70201,49.745322)
Edge(0,70201,52.445273)
Edge(0,70201,128.812014)
Edge(0,70201,105.370272)
Edge(0,70201,148.682603)
Edge(0,70201,134.57641)
Edge(0,70201,134.975208)
Edge(0,70201,22.353548)
Edge(0,70201,13.33153)
Edge(0,70201,65.672915)
Edge(0,70201,68.998733)
Edge(0,70201,93.135294)
Edge(0,70201,42.721563)
Edge(0,70201,1054.683017)
Edge(0,70201,74.688813)
Edge(0,70301,204.772914)
Edge(0,70301,143.796319)
Edge(0,70301,97.577753)
Edge(0,70301,100.833175)
Edge(0,70301,271.472776)
Edge(0,70301,77.279292)
Edge(0,70301,97.577369)
Edge(0,70301,83.149656)
Edge(0,70301,107.350219)
Edge(0,70301,111.699196)
Edge(0,70301,96.492996)
Edge(0,70301,99.323729)
Edge(0,70301,91.074144)
Edge(0,70301,116.345776)
Edge(0,70301,146.613443)
Edge(0,70301,221.368186)
Edge(0,70301,17.686479)
Edge(0,70301,56.325205)
Edge(0,70301,9.48705)
Edge(0,70301,107.8318)
Edge(0,70301,7.406655)
Edge(0,70301,242.356428)
Edge(0,70301,72.9228)
Edge(0,70301,234.624516)
Edge(0,70301,117.430701)
Edge(0,70301,213.921282)
Edge(0,70301,277.900388)
Edge(0,70301,15.64011)
Edge(0,70301,106.264072)
Edge(0,70301,101.919096)
Edge(0,70301,118.086089)
Edge(0,70301,17.686676)
Edge(0,70301,106.032066)
Edge(0,70301,90.35981)
Edge(0,70301,74.97172)
Edge(0,70301,73.995517)
Edge(0,70301,28.066629)
Edge(0,70301,123.967327)
Edge(0,70301,237.111818)
Edge(0,70301,101.486281)
Edge(0,70301,379.040091)
Edge(0,70301,111.653508)
Edge(0,70301,64.223648)
Edge(0,70301,56.467325)
Edge(0,70301,57.415565)
Edge(0,70301,93.241793)
Edge(0,70301,45.183613)
Edge(0,70301,46.709397)
Edge(0,70301,67.229746)
Edge(0,70301,137.570504)
Edge(0,70301,39.257257)
Edge(0,70301,39.179889)
Edge(0,70301,44.967939)
Edge(0,70301,31.108646)
Edge(0,70301,59.902731)
Edge(0,70301,247.150991)
Edge(0,70301,351.401876)
Edge(0,70301,51.27636)
Edge(0,70301,218.607426)
Edge(0,70301,52.965292)
Edge(0,70301,79.619517)
Edge(0,70301,176.301769)
Edge(0,70301,57.710035)
Edge(0,70301,84.388435)
Edge(0,70301,100.690393)
Edge(0,70301,43.759066)
Edge(0,70301,366.67702)
Edge(0,70301,555.713104)
Edge(0,70301,1016.363339)
Edge(0,70301,94.823679)
Edge(0,70301,492.086459)
Edge(0,70301,760.940761)
Edge(0,70301,1288.72452)
Edge(0,70301,23.091793)
Edge(0,70301,32.988038)
Edge(0,70301,237.554324)
Edge(0,70301,470.487469)
Edge(0,70301,1030.731101)
Edge(0,70301,598.832788)
Edge(0,70301,3032.69801)
Edge(0,70301,709.796032)
Edge(0,70301,1164.634695)
Edge(0,70301,339.417021)
Edge(0,70301,434.45217)
Edge(0,70301,230.354116)
Edge(0,70301,407.57776)
Edge(0,70301,683.979523)
Edge(0,70301,880.877601)
Edge(0,70301,18.180521)
Edge(0,70301,17.034243)
Edge(0,70301,44.720394)
Edge(0,70301,41.758228)
Edge(0,70301,64.741505)
Edge(0,70301,1735.473868)
Edge(0,70301,129.845381)
Edge(0,70301,456.546039)
Edge(0,70301,114.85422)
Edge(0,70301,92.164498)
Edge(0,70301,94.972767)
Edge(0,70301,88.585038)
Edge(0,70301,99.755292)
Edge(0,70301,89.998255)
Edge(0,70301,111.131545)
Edge(0,70301,627.249103)
Edge(0,70301,19.087026)
Edge(0,70301,124.37916)
Edge(0,70301,236.482429)
Edge(0,70301,21.466348)
Edge(0,70301,206.505218)
Edge(0,70301,105.887362)
Edge(0,70301,34.905121)
Edge(0,70301,236.189959)
Edge(0,70301,100.024646)
Edge(0,70301,1430.870305)
Edge(0,70301,228.3113)
Edge(0,70301,667.964496)
Edge(0,70301,53.565887)
Edge(0,70301,44.76984)
Edge(0,70301,65.890861)
Edge(0,70301,84.788442)
Edge(0,70301,67.122275)
Edge(0,70301,145.503861)
Edge(0,70301,130.781969)
Edge(0,70301,48.706485)
Edge(0,70301,52.966024)
Edge(0,70301,105.400082)
Edge(0,70301,44.755503)
Edge(0,70301,14.428986)
Edge(0,70301,65.219339)
Edge(0,70301,80.110683)
Edge(0,70301,889.464438)
Edge(0,70301,202.339782)
Edge(0,70301,995.744976)
Edge(0,70301,323.788746)
Edge(0,70301,1223.510108)
Edge(0,70301,111.751483)
Edge(0,70301,124.392096)
Edge(0,70301,418.078353)
Edge(0,70301,112.00477)
Edge(0,70301,292.896541)
Edge(0,70301,241.117378)
Edge(0,70301,145.201163)
Edge(0,70301,111.699604)
Edge(0,70301,101.918968)
Edge(0,70301,90.609808)
Edge(0,70301,91.838415)
Edge(0,70301,2776.634709)
Edge(0,70301,243.701628)
Edge(0,70301,67.012618)
Edge(0,70301,714.922018)
Edge(0,70301,174.79257)
Edge(0,70301,239.023681)
Edge(0,70301,38.464178)
Edge(0,70301,129.88978)
Edge(0,70301,87.248178)
Edge(0,70301,94.623322)
Edge(0,70301,91.29417)
Edge(0,70301,95.785326)
Edge(0,70301,89.577122)
Edge(0,70301,118.703811)
Edge(0,70301,95.458902)
Edge(0,70301,65.952219)
Edge(0,70301,97.789893)
Edge(0,70301,1399.362218)
Edge(0,70301,473.90906)
Edge(0,70301,88.207894)
Edge(0,70301,213.594222)
Edge(0,70301,20.228967)
Edge(0,70301,47.619765)
Edge(0,70301,75.944384)
Edge(0,70301,177.093194)
Edge(0,70301,35.370005)
Edge(0,70301,337.204166)
Edge(0,70301,1236.079399)
Edge(0,70301,110.61963)
Edge(0,70301,996.286742)
Edge(0,70301,811.521285)
Edge(0,70301,62.216065)
Edge(0,70301,1318.455401)
Edge(0,70301,1582.841702)
Edge(0,70301,66.359555)
Edge(0,70301,976.992557)
Edge(0,70301,500.176689)
Edge(0,70301,1398.508981)
Edge(0,70301,780.848718)
Edge(0,70301,819.137677)
Edge(0,70301,1691.255544)
Edge(0,70301,3138.636447)
Edge(0,70301,30.12072)
Edge(0,70301,58.026709)
Edge(0,70301,1760.239999)
Edge(0,70301,176.039666)
Edge(0,70301,37.051173)
Edge(0,70301,191.622791)
Edge(0,70301,9.869603)
Edge(0,70301,77.891936)
Edge(0,70301,51.541517)
Edge(0,70301,96.503232)
Edge(0,70301,42.768414)
Edge(0,70301,1181.887948)
Edge(0,70301,220.602878)
Edge(0,70301,262.634975)
Edge(0,70301,2759.248659)
Edge(0,70301,1132.026688)
Edge(0,70301,425.176846)
Edge(0,70301,498.887621)
Edge(0,70301,544.181842)
Edge(0,70301,1527.621067)
Edge(0,70301,1192.126761)
Edge(0,70301,537.162322)
Edge(0,70301,2746.632236)
Edge(0,70301,2184.326732)
Edge(0,70301,2102.430054)
Edge(0,70301,2222.875043)
Edge(0,70301,226.429215)
Edge(0,70301,2441.429138)
Edge(0,70301,96.574967)
Edge(0,70301,365.597825)
Edge(0,70301,1246.598679)
Edge(0,70301,267.611657)
Edge(0,70301,645.452351)
Edge(0,70301,901.622207)
Edge(0,70301,377.746355)
Edge(0,70301,1394.222886)
Edge(0,70301,129.482839)
Edge(0,70301,2201.349482)
Edge(0,70301,204.29348)
Edge(10901,0,1775.525847)
Edge(10901,0,772.828433)
Edge(10901,0,2142.821541)
Edge(10901,0,2326.6376)
Edge(10901,0,3023.608984)
Edge(11801,20108,134.238951)
Edge(11801,20108,106.059969)
Edge(11801,20108,131.464007)
Edge(11801,20108,129.699207)
Edge(11801,20108,272.071717)
Edge(11801,20108,145.697672)
Edge(11801,20108,242.82271)
Edge(11801,20108,140.397386)
Edge(11801,20108,378.574914)
Edge(11801,20108,221.031432)
Edge(11801,20108,88.204558)
Edge(11801,20108,301.193247)
Edge(11801,20108,218.110402)
Edge(11801,20108,77.482137)
Edge(11801,20108,306.85683)
Edge(11801,20108,86.420649)
Edge(11801,20108,118.305594)
Edge(11801,20108,87.915783)
Edge(11801,20108,124.420633)
Edge(11801,20108,22.373449)
Edge(11801,20108,119.855059)
Edge(11801,20108,143.759378)
Edge(11801,20108,69.625409)
Edge(11801,20108,244.970035)
Edge(11801,20108,35.510027)
Edge(11801,20108,67.698099)
Edge(11801,20108,88.647462)
Edge(11801,20108,119.712695)
Edge(11801,20108,24.352121)
Edge(11801,20108,64.556724)
Edge(11801,20108,99.002615)
Edge(11801,20108,254.109901)
Edge(11801,20108,54.141141)
Edge(11801,20108,80.66764)
Edge(11801,20108,123.715304)
Edge(11801,20108,53.7329)
Edge(11801,20108,94.224568)
Edge(11801,20108,147.597275)
Edge(11801,20108,98.314472)
Edge(11801,20108,94.012733)
Edge(11801,20108,93.411076)
Edge(11801,20108,95.754716)
Edge(11801,20108,92.097478)
Edge(11801,20108,6.941381)
Edge(11801,20108,24.750663)
Edge(11801,20108,19.159761)
Edge(11801,20108,100.077905)
Edge(11801,20108,121.7212)
Edge(11801,20108,61.4089)
Edge(11801,20108,61.568013)
Edge(11801,20108,86.743345)
Edge(11801,30301,55.602564)
Edge(11801,30301,119.987698)
Edge(11801,30301,140.985236)
Edge(11801,30301,25.313346)
Edge(11801,30301,70.935529)
Edge(11801,30301,114.514349)
Edge(11801,30301,104.636187)
Edge(11801,30301,103.355109)
Edge(11801,30301,85.161679)
Edge(11801,30301,97.118656)
Edge(11801,30301,104.587796)
Edge(11801,30301,69.188834)
Edge(11801,30301,106.727325)
Edge(11801,30301,52.057552)
Edge(11801,30301,346.630546)
Edge(11801,30301,148.731233)
Edge(11801,30301,112.727067)
Edge(11801,30301,141.220589)
Edge(11801,30301,65.7106)
Edge(11801,30301,95.208435)
Edge(11801,30301,97.139222)
Edge(11801,30301,96.287996)
Edge(11801,30301,203.580496)
Edge(11801,30301,711.63329)
Edge(11801,30301,297.408746)
Edge(11801,30301,224.649982)
Edge(11901,0,2688.485849)
Edge(11901,0,821.462146)
Edge(11901,0,410.76321)
Edge(11901,0,938.903991)
Edge(11901,0,653.208601)
Edge(11901,0,666.44647)
Edge(11901,0,52.775647)
Edge(11901,0,645.090112)
Edge(11901,0,444.333558)
Edge(11901,0,265.320791)
Edge(11901,0,599.449687)
Edge(11901,0,577.799833)
Edge(11901,0,507.485251)
Edge(11901,0,391.262703)
Edge(11901,0,37.34059)
Edge(11901,0,66.382824)
Edge(11901,0,20.521836)
Edge(11901,0,353.302234)
Edge(11901,0,79.116446)
Edge(11901,0,162.55057)
Edge(11901,0,505.112698)
Edge(11901,0,90.539649)
Edge(11901,0,144.289301)
Edge(11901,0,66.047531)
Edge(11901,0,227.983539)
Edge(11901,0,67.73318)
Edge(11901,0,114.01463)
Edge(11901,0,201.256478)
Edge(11901,0,170.018455)
Edge(11901,0,411.948526)
Edge(11901,0,176.921545)
Edge(11901,0,169.234881)
Edge(11901,0,451.481771)
Edge(11901,0,437.497747)
Edge(11901,0,237.292207)
Edge(11901,0,245.394166)
Edge(11901,0,159.252543)
Edge(11901,0,377.331022)
Edge(11901,0,623.206239)
Edge(11901,0,53.704038)
Edge(11901,0,582.831474)
Edge(11901,0,65.309364)
Edge(11901,0,79.324784)
Edge(11901,0,292.730729)
Edge(11901,0,374.215051)
Edge(11901,0,147.178716)
Edge(11901,0,149.347694)
Edge(11901,0,94.941224)
Edge(11901,0,175.907117)
Edge(11901,0,54.357745)
Edge(11901,0,33.716915)
Edge(11901,0,194.185742)
Edge(11901,0,93.906855)
Edge(11901,0,70.226174)
Edge(11901,0,349.076535)
Edge(11901,0,88.057034)
Edge(11901,0,34.057491)
Edge(11901,0,80.73363)
Edge(11901,0,95.743067)
Edge(11901,0,365.972187)
Edge(11901,0,70.214312)
Edge(11901,0,40.624623)
Edge(11901,0,12.528744)
Edge(11901,0,9.060697)
Edge(11901,0,21.331786)
Edge(11901,0,114.678549)
Edge(11901,0,62.643984)
Edge(11901,0,95.137055)
Edge(11901,0,200.615402)
Edge(11901,0,141.028645)
Edge(11901,0,91.712002)
Edge(11901,0,95.200587)
Edge(11901,0,194.498172)
Edge(11901,0,95.200735)
Edge(11901,0,98.291836)
Edge(11901,0,67.259272)
Edge(11901,0,62.020261)
Edge(11901,0,27.844204)
Edge(11901,0,62.252622)
Edge(11901,0,13.835539)
Edge(11901,0,133.416616)
Edge(11901,0,120.708218)
Edge(11901,0,54.8523)
Edge(11901,0,101.397136)
Edge(11901,0,74.314696)
Edge(11901,0,119.877063)
Edge(11901,0,137.106553)
Edge(11901,0,169.760998)
Edge(11901,0,180.256092)
Edge(11901,0,29.170281)
Edge(11901,0,23.608359)
Edge(11901,0,78.042342)
Edge(11901,0,779.736564)
Edge(11901,0,130.181944)
Edge(11901,0,34.956251)
Edge(11901,0,23.224809)
Edge(11901,0,118.682223)
Edge(11901,0,72.027012)
Edge(11901,0,221.648004)
Edge(11901,0,430.959214)
Edge(11901,0,51.450129)
Edge(11901,0,48.57735)
Edge(11901,0,80.227003)
Edge(11901,0,75.529757)
Edge(11901,0,84.980275)
Edge(11901,0,65.35435)
Edge(11901,0,149.874613)
Edge(11901,0,71.812979)
Edge(11901,0,411.933037)
Edge(11901,0,722.464084)
Edge(11901,0,429.464019)
Edge(11901,0,1598.432768)
Edge(11901,0,109.16064)
Edge(11901,0,574.631101)
Edge(11901,0,61.932418)
Edge(11901,0,40.919612)
Edge(11901,0,377.49842)
Edge(11901,0,739.871221)
Edge(11901,0,329.612201)
Edge(11901,0,68.997775)
Edge(11901,0,641.337669)
Edge(11901,0,209.231677)
Edge(11901,0,1153.055426)
Edge(11901,0,146.717414)
Edge(11901,0,542.448227)
Edge(11901,0,557.032462)
Edge(11901,0,699.398027)
Edge(11901,0,437.305555)
Edge(11901,0,302.636733)
Edge(11901,0,165.079901)
Edge(11901,0,180.42944)
Edge(11901,0,72.694874)
Edge(11901,0,155.928019)
Edge(11901,0,137.518671)
Edge(11901,0,247.030017)
Edge(11901,0,392.411764)
Edge(11901,0,402.750475)
Edge(11901,0,985.490064)
Edge(11901,0,19.203878)
Edge(11901,0,55.561126)
Edge(11901,0,198.152154)
Edge(11901,0,1144.904618)
Edge(11901,0,156.080917)
Edge(11901,0,608.40497)
Edge(11901,0,533.988392)
Edge(11901,0,651.107783)
Edge(11901,0,147.253067)
Edge(11901,0,63.757084)
Edge(11901,0,203.352061)
Edge(11901,0,671.609029)
Edge(11901,0,662.069552)
Edge(11901,0,109.930417)
Edge(11901,0,374.302267)
Edge(11901,0,184.254785)
Edge(11901,0,83.554709)
Edge(11901,0,126.207218)
Edge(11901,0,152.271781)
Edge(11901,0,230.194653)
Edge(11901,0,476.965146)
Edge(11901,0,224.107594)
Edge(11901,0,23.865344)
Edge(11901,0,90.687034)
Edge(11901,0,496.912872)
Edge(11901,0,177.179917)
Edge(11901,0,35.458136)
Edge(11901,0,282.175678)
Edge(11901,0,105.896673)
Edge(11901,0,127.639036)
Edge(11901,0,32.105071)
Edge(11901,0,69.561228)
Edge(11901,0,39.495617)
Edge(11901,0,38.871577)
Edge(11901,0,484.343429)
Edge(11901,0,41.656051)
Edge(11901,0,407.402573)
Edge(11901,0,33.178214)
Edge(11901,0,606.849131)
Edge(11901,0,80.231871)
Edge(11901,0,119.073311)
Edge(11901,0,35.154515)
Edge(11901,0,178.427122)
Edge(11901,0,295.289023)
Edge(11901,0,837.910891)
Edge(11901,0,135.267395)
Edge(11901,0,69.034251)
Edge(11901,0,595.922748)
Edge(11901,0,2848.154438)
Edge(11901,0,1769.368663)
Edge(11901,0,221.528136)
Edge(11901,0,207.737498)
Edge(11901,0,92.176835)
Edge(11901,0,168.07834)
Edge(11901,0,392.202677)
Edge(11901,0,3422.297799)
Edge(11901,0,3037.639837)
Edge(11901,0,305.42647)
Edge(11901,0,141.628793)
Edge(11901,0,369.510533)
Edge(11901,0,670.481681)
Edge(11901,0,346.797206)
Edge(11901,0,702.838479)
Edge(11901,0,1196.747218)
Edge(11901,0,56.046829)
Edge(11901,0,45.416431)
Edge(11901,0,81.07077)
Edge(11901,0,386.800548)
Edge(11901,0,409.238865)
Edge(11901,0,64.021122)
Edge(11901,0,308.478965)
Edge(11901,0,23.609655)
Edge(11908,0,7439.396735)
Edge(11908,0,1404.947604)
Edge(11908,0,1158.424208)
Edge(11908,0,99.536871)
Edge(11908,0,629.705165)
Edge(11908,0,3225.132006)
Edge(11908,0,2075.063706)
Edge(11908,0,2603.791625)
Edge(20102,0,319.152288)
Edge(20102,0,37.375896)
Edge(20104,30301,14.3775)
Edge(20104,30301,18.833288)
Edge(20104,30301,49.643897)
Edge(20104,30301,126.098766)
Edge(20104,30301,35.661542)
Edge(20104,30301,37.390112)
Edge(20104,30301,60.083156)
Edge(20104,30301,49.027114)
Edge(20104,30301,100.215958)
Edge(20104,30301,34.636894)
Edge(20104,30301,40.230314)
Edge(20104,30301,100.952467)
Edge(20104,30301,108.072627)
Edge(20104,30301,125.266703)
Edge(20104,30301,277.010343)
Edge(20104,30301,33.02754)
Edge(20104,30301,309.411085)
Edge(20104,30301,56.622511)
Edge(20104,30301,101.143113)
Edge(20104,30301,127.222782)
Edge(20104,30301,219.068946)
Edge(20104,30301,152.738623)
Edge(20104,30301,90.953522)
Edge(20104,30301,126.029306)
Edge(20104,30301,49.647173)
Edge(20104,30301,59.250571)
Edge(20104,30301,69.552099)
Edge(20104,30301,1486.091627)
Edge(20104,30301,70.743446)
Edge(20104,30301,503.176827)
Edge(20104,30301,50.824798)
Edge(20104,30301,43.910724)
Edge(20104,30301,86.733068)
Edge(20104,30301,96.524497)
Edge(20104,30301,95.434889)
Edge(20104,30301,99.09393)
Edge(20104,30301,173.5037)
Edge(20104,30301,141.48189)
Edge(20201,0,955.329687)
Edge(20201,0,1348.512468)
Edge(20201,0,906.405264)
Edge(20201,0,550.577845)
Edge(20201,0,1860.036236)
Edge(20201,0,294.063544)
Edge(20602,0,8.0586995E7)
Edge(20602,0,8.0587002E7)
Edge(20602,0,8.058704E7)
Edge(20602,0,8.0587078E7)
Edge(20602,0,8.0587081E7)
Edge(20602,0,8.0587097E7)
Edge(20602,0,8.0587185E7)
Edge(20904,0,334.828183)
Edge(20904,0,928.869116)
Edge(20904,0,1958.445883)
Edge(20904,0,181.310856)
Edge(20904,0,91.426622)
Edge(20904,0,181.459566)
Edge(20904,0,138.115481)
Edge(20904,0,370.622443)
Edge(20904,0,28.655645)
Edge(20904,0,178.422045)
Edge(20904,0,1126.216707)
Edge(20904,0,351.907307)
Edge(20904,0,170.848896)
Edge(20904,0,273.220562)
Edge(20904,0,541.936561)
Edge(20904,0,588.80478)
Edge(20904,0,63.970573)
Edge(20904,0,82.673601)
Edge(20904,0,25.1324)
Edge(20904,0,1267.698478)
Edge(20904,0,129.400109)
Edge(20904,0,400.383357)
Edge(20904,0,146.330501)
Edge(20904,0,210.721587)
Edge(20904,0,52.906235)
Edge(20904,0,122.250434)
Edge(20904,0,140.643808)
Edge(20904,0,19.683692)
Edge(20904,0,100.536327)
Edge(20904,0,409.872688)
Edge(20904,0,121.984583)
Edge(20904,0,89.822204)
Edge(20904,0,163.291121)
Edge(20904,0,241.100031)
Edge(20904,0,25.531073)
Edge(20904,0,550.945409)
Edge(20904,0,168.102277)
Edge(20904,0,285.250078)
Edge(20904,0,286.518384)
Edge(20904,0,123.392632)
Edge(20904,0,39.880965)
Edge(20904,0,350.799247)
Edge(20904,0,679.390307)
Edge(20904,0,28.942534)
Edge(20904,0,606.717452)
Edge(20904,0,298.794734)
Edge(20904,0,364.276264)
Edge(20904,0,587.628543)
Edge(20904,0,96.723657)
Edge(20904,0,309.175798)
Edge(20904,0,55.321259)
Edge(20904,0,340.436109)
Edge(20904,0,767.792595)
Edge(20904,0,474.731074)
Edge(20904,0,715.742829)
Edge(20904,0,569.217127)
Edge(20904,0,215.963012)
Edge(20904,0,361.088468)
Edge(20904,0,439.818966)
Edge(20904,0,116.71666)
Edge(20904,0,522.123307)
Edge(20904,0,790.151515)
Edge(20904,0,407.351624)
Edge(20904,0,143.790586)
Edge(20904,0,535.072508)
Edge(20904,0,440.248511)
Edge(20904,0,484.44255)
Edge(20904,0,466.973223)
Edge(20904,0,349.880951)
Edge(20904,0,237.369432)
Edge(20904,0,176.685735)
Edge(20904,0,427.922143)
Edge(20904,0,654.616233)
Edge(20904,0,604.771054)
Edge(20904,0,187.283087)
Edge(20904,0,434.957766)
Edge(20904,0,398.310019)
Edge(20904,0,930.656559)
Edge(20904,0,2643.925258)
Edge(20904,0,2486.377505)
Edge(20904,0,928.721888)
Edge(20904,0,181.52486)
Edge(20904,0,88.419525)
Edge(20904,0,81.994396)
Edge(20904,0,264.734141)
Edge(20904,0,157.426142)
Edge(20904,0,1012.300689)
Edge(20904,0,111.498791)
Edge(20904,0,498.707045)
Edge(20904,0,45.989165)
Edge(20904,0,926.027688)
Edge(20904,0,29.803712)
Edge(20904,0,175.671123)
Edge(20904,0,71.405665)
Edge(20904,0,1179.625147)
Edge(20904,0,438.968524)
Edge(20904,0,2206.094718)
Edge(20904,0,1987.54076)
Edge(20904,0,68.423705)
Edge(20904,0,2058.42858)
Edge(20904,0,173.926944)
Edge(20904,0,144.984729)
Edge(20904,0,47.796748)
Edge(20904,0,1629.404047)
Edge(20904,0,399.375552)
Edge(20904,0,1546.40111)
Edge(20904,0,603.162801)
Edge(20904,0,1876.085482)
Edge(20904,0,120.091264)
Edge(20904,0,415.629284)
Edge(20904,0,1354.09293)
Edge(20904,0,2792.814267)
Edge(20904,0,1600.345993)
Edge(20904,0,47.319701)
Edge(20904,0,277.168149)
Edge(20904,0,408.848343)
Edge(20904,0,1063.07797)
Edge(20904,0,2355.562136)
Edge(20904,0,111.003497)
Edge(20904,0,627.703306)
Edge(20904,0,185.145114)
Edge(20904,0,48.122166)
Edge(20904,0,67.669477)
Edge(20904,0,177.737058)
Edge(20904,0,194.615079)
Edge(20904,0,1783.753585)
Edge(20904,0,408.822245)
Edge(30110,0,46.531321)
Edge(30110,0,49.949099)
Edge(30110,0,229.388643)
Edge(30110,0,105.849898)
Edge(30110,0,72.892593)
Edge(30110,0,253.223509)
Edge(30110,0,25.31601)
Edge(30110,0,160.532552)
Edge(30110,0,131.115704)
Edge(30110,0,141.211488)
Edge(30110,0,411.054466)
Edge(30110,0,1187.99941)
Edge(30110,0,545.858122)
Edge(30110,0,124.005289)
Edge(30110,0,12.459565)
Edge(30110,0,90.737893)
Edge(30110,0,85.377765)
Edge(30110,0,142.106334)
Edge(30110,0,79.620688)
Edge(30110,0,78.793149)
Edge(30110,0,46.372563)
Edge(30110,0,126.553783)
Edge(30110,0,56.412017)
Edge(30110,0,203.403237)
Edge(30110,0,104.759473)
Edge(30110,0,92.91173)
Edge(30110,0,8.7725)
Edge(30110,0,545.454215)
Edge(30201,30201,708.37675)
Edge(30201,30201,1144.559571)
Edge(30201,30201,875.342089)
Edge(30201,30201,1576.814606)
Edge(30201,30201,113.939267)
Edge(30201,30201,98.363321)
Edge(30201,30201,102.337728)
Edge(30201,30201,81.631639)
Edge(30201,30201,100.264865)
Edge(30201,30201,91.802715)
Edge(30201,30201,98.069438)
Edge(30201,30201,92.165616)
Edge(30201,30201,142.327282)
Edge(30201,30201,61.788536)
Edge(30201,30201,112.045752)
Edge(30201,30201,80.013495)
Edge(30201,30201,90.579758)
Edge(30201,30201,52.093524)
Edge(30201,30201,79.632987)
Edge(30201,30201,303.438203)
Edge(30201,30201,493.41657)
Edge(30201,30201,59.106666)
Edge(30201,30201,374.642189)
Edge(30201,30201,289.369296)
Edge(30201,30201,59.633213)
Edge(30201,30201,451.543732)
Edge(30201,30201,89.032987)
Edge(30201,30201,2419.293871)
Edge(30201,30201,1920.537333)
Edge(30201,30201,100.934589)
Edge(30201,30201,92.030108)
Edge(30201,30201,106.029273)
Edge(30201,30201,51.980005)
Edge(30201,30201,103.908157)
Edge(30201,30201,55.902678)
Edge(30201,30201,25.437102)
Edge(30201,30201,38.956395)
Edge(30201,30201,184.002999)
Edge(30201,30201,1735.66223)
Edge(30201,30201,84.630619)
Edge(30201,30201,1336.783173)
Edge(30201,30201,1515.243592)
Edge(30201,30201,1228.989906)
Edge(30201,30201,2020.045773)
Edge(30201,30201,100.402875)
Edge(30201,30201,97.823607)
Edge(30201,30201,102.461112)
Edge(30201,30201,87.61812)
Edge(30201,30201,35.107564)
Edge(30201,30201,48.30195)
Edge(30201,30201,38.961513)
Edge(30201,30201,35.937519)
Edge(30201,30201,54.605799)
Edge(30201,30201,187.348502)
Edge(30201,30201,120.997201)
Edge(30201,30201,325.210559)
Edge(30201,30201,384.228927)
Edge(30201,30201,135.003678)
Edge(30201,30201,151.770922)
Edge(30201,30201,58.273268)
Edge(30201,30201,56.868692)
Edge(30201,30201,48.477126)
Edge(30201,30201,49.648373)
Edge(30201,30201,50.35708)
Edge(30201,30201,207.960252)
Edge(30201,30201,462.860732)
Edge(30201,30201,27.026654)
Edge(30201,30201,62.035169)
Edge(30201,30201,1154.837008)
Edge(30201,30201,81.234729)
Edge(30201,30201,171.138543)
Edge(30201,30201,641.315051)
Edge(30201,30201,2628.777511)
Edge(30201,30201,593.326791)
Edge(30201,30201,96.88857)
Edge(30201,30201,384.33098)
Edge(30201,30201,103.197843)
Edge(30201,30201,1531.375022)
Edge(30201,30201,338.614435)
Edge(30403,0,2638.243415)
Edge(30403,0,274.963614)
Edge(30403,0,2611.004251)
Edge(30403,0,2300.365558)
Edge(30501,0,202.288979)
Edge(30501,0,116.547016)
Edge(30501,0,76.945997)
Edge(30501,0,332.003931)
Edge(30501,0,99.716503)
Edge(30501,0,96.709786)
Edge(30501,0,95.820167)
Edge(30501,0,9.377715)
Edge(30501,0,2264.901666)
Edge(30501,0,1060.249662)
Edge(30501,0,1162.608994)
Edge(30501,0,2009.197748)
Edge(30501,0,2133.20309)
Edge(30501,0,3228.335518)
Edge(30501,0,3255.500036)
Edge(30501,0,361.888767)
Edge(30501,0,200.017541)
Edge(30501,0,158.644092)
Edge(30501,0,282.994935)
Edge(30501,0,273.296053)
Edge(30501,0,94.615557)
Edge(30501,0,94.233407)
Edge(30501,0,223.913693)
Edge(30501,0,186.083109)
Edge(30501,0,51.586516)
Edge(30501,0,54.87347)
Edge(30501,0,63.639844)
Edge(30501,0,81.940409)
Edge(30501,0,87.519331)
Edge(30501,0,83.375107)
Edge(30501,0,618.636215)
Edge(30501,0,313.412033)
Edge(30501,0,216.367411)
Edge(30501,0,34.370746)
Edge(30501,0,3218.929287)
Edge(30501,0,3762.233681)
Edge(30501,0,1591.171111)
Edge(30501,0,797.904686)
Edge(30501,0,2980.3428)
Edge(30501,0,370.911155)
Edge(30501,0,663.369539)
Edge(30501,0,3345.238679)
Edge(30501,0,3158.885305)
Edge(30501,0,2313.929008)
Edge(30501,0,2729.77873)
Edge(30501,0,2296.695724)
Edge(30501,0,2125.108411)
Edge(30502,30510,1913.927809)
Edge(30502,30510,2431.806462)
Edge(30502,30510,52.939389)
Edge(30502,30510,96.353524)
Edge(30502,30510,337.018338)
Edge(30502,30510,93.425383)
Edge(30502,30510,94.779534)
Edge(30502,30510,93.315949)
Edge(30502,30510,3154.956584)
Edge(30502,30510,280.443166)
Edge(30502,30510,138.621969)
Edge(30502,30510,5265.997041)
Edge(30502,30510,87.686668)
Edge(30502,30510,834.721638)
Edge(30502,30510,1279.785297)
Edge(30502,30510,1935.418108)
Edge(30502,30510,2563.436697)
Edge(30502,30510,111.69844)
Edge(30601,0,2713.248443)
Edge(30601,0,623.053022)
Edge(30702,30501,93.314493)
Edge(30702,30501,63.923407)
Edge(30702,30501,34.152036)
Edge(30702,30501,731.687167)
Edge(30702,30501,95.87505)
Edge(30702,30501,93.999048)
Edge(30702,30501,3614.992399)
Edge(30702,30501,104.993253)
Edge(30702,30501,185.551246)
Edge(30702,30501,704.069496)
Edge(30702,30501,96.902864)
Edge(30702,30501,95.91953)
Edge(30702,30501,95.503995)
Edge(30702,30501,304.990289)
Edge(30702,30501,574.595793)
Edge(30702,30501,117.711218)
Edge(30702,30501,524.887077)
Edge(30702,30501,61.903801)
Edge(30702,30501,1453.069147)
Edge(30702,30501,724.283217)
Edge(30702,30501,1342.95926)
Edge(30702,30501,1140.206486)
Edge(30702,30501,147.886145)
Edge(30702,30501,10.999444)
Edge(30702,30501,86.931898)
Edge(30702,30501,97.255566)
Edge(30702,30501,139.855252)
Edge(30702,30501,848.818671)
Edge(30702,30501,501.534148)
Edge(30702,30501,142.138341)
Edge(30702,30501,42.702931)
Edge(30702,30501,15.725277)
Edge(30702,30501,202.521587)
Edge(30702,30501,101.77253)
Edge(30702,30501,333.053248)
Edge(30702,30501,228.407215)
Edge(30702,30501,210.874922)
Edge(30702,30501,708.096874)
Edge(30702,30501,285.978665)
Edge(30702,30501,414.647452)
Edge(30702,30501,184.841472)
Edge(30702,30501,117.105122)
Edge(30702,30501,178.599508)
Edge(30702,30501,95.093072)
Edge(30702,30501,540.096378)
Edge(30702,30501,889.736247)
Edge(30702,30501,3261.038927)
Edge(30702,30501,1255.231447)
Edge(30702,30501,463.840729)
Edge(30702,30501,68.360403)
Edge(30702,30501,94.659676)
Edge(30702,30501,165.78362)
Edge(30702,30501,360.577311)
Edge(30702,30501,2463.238039)
Edge(30702,30501,182.179754)
Edge(30702,30501,876.389542)
Edge(30702,30501,145.474781)
Edge(30702,30501,81.65325)
Edge(30702,30501,99.810228)
Edge(30702,30501,76.493719)
Edge(30702,30501,29.159824)
Edge(30702,30501,95.568479)
Edge(30702,30501,107.209888)
Edge(30702,30501,102.951572)
Edge(30702,30501,27.375564)
Edge(30702,30501,118.95193)
Edge(30702,30501,232.782488)
Edge(30702,30501,364.392174)
Edge(30702,30501,3231.6621)
Edge(30702,30501,505.078916)
Edge(30702,30501,958.537998)
Edge(30702,30501,119.840404)
Edge(30702,30501,662.589234)
Edge(30702,30501,1271.810152)
Edge(30702,30501,1034.100185)
Edge(30702,30501,504.95491)
Edge(30702,30501,1500.493014)
Edge(30702,30601,2191.572941)
Edge(30702,30601,120.963829)
Edge(30702,30601,49.394797)
Edge(30702,30601,442.978065)
Edge(30702,30601,20.833503)
Edge(30702,30601,601.540172)
Edge(30702,30601,501.048401)
Edge(30702,30601,866.893544)
Edge(30702,30601,119.231672)
Edge(30702,30601,57.146475)
Edge(30702,30601,112.215305)
Edge(30702,30601,392.541697)
Edge(30702,30601,67.085931)
Edge(30702,30601,140.034312)
Edge(30702,30601,176.475045)
Edge(30702,30601,370.864824)
Edge(30702,30601,163.496328)
Edge(30702,30601,119.221318)
Edge(30702,30601,164.097723)
Edge(30702,30601,91.795111)
Edge(30702,30601,38.339668)
Edge(30702,30601,887.81934)
Edge(30702,30601,90.646373)
Edge(30702,30601,252.729592)
Edge(30702,30601,98.279838)
Edge(30702,30601,86.42453)
Edge(30702,30601,90.609103)
Edge(30702,30601,89.13344)
Edge(30702,30601,90.355209)
Edge(30702,30601,92.30867)
Edge(30702,30601,91.571454)
Edge(30702,30601,91.905808)
Edge(30702,30601,1632.458625)
Edge(30702,30601,972.279607)
Edge(30702,30601,179.389174)
Edge(30702,30601,272.1252)
Edge(30702,30601,4019.082854)
Edge(30702,30601,10.408769)
Edge(30702,30601,624.088467)
Edge(30702,30601,2959.419582)
Edge(41001,0,846.648388)
Edge(41001,0,297.023201)
Edge(41001,0,108.678993)
Edge(41001,0,105.00411)
Edge(41001,0,26.366202)
Edge(41001,0,84.253162)
Edge(41001,0,212.385966)
Edge(41001,0,163.567998)
Edge(41001,0,366.8328)
Edge(41001,0,327.391714)
Edge(41001,0,342.216978)
Edge(41001,0,129.188436)
Edge(41001,0,419.510724)
Edge(41001,0,2700.406212)
Edge(41001,0,306.797131)
Edge(41001,0,844.516223)
Edge(41001,0,235.398147)
Edge(41001,0,69.871636)
Edge(41001,0,81.198713)
Edge(60112,0,858.970978)
Edge(60112,0,531.646275)
Edge(60112,0,1871.643985)
Edge(60112,0,541.856589)
Edge(60112,0,654.346187)
Edge(60112,0,1843.347014)
Edge(60112,0,3017.490455)
Edge(60112,0,1429.926051)
Edge(60112,0,1543.000183)
Edge(60112,0,2724.390933)
Edge(60112,0,2096.84744)
Edge(60112,0,1903.199484)
Edge(60112,0,2438.309641)
Edge(60112,0,2348.76854)
Edge(60112,0,3108.8191)
Edge(60112,0,509.952745)
Edge(60112,0,2451.167497)
Edge(60112,0,116.689536)
Edge(60112,0,114.044207)
Edge(60112,0,112.381028)
Edge(60112,0,116.655333)
Edge(60112,0,118.568854)
Edge(60112,0,1909.096533)
Edge(60112,0,2153.082282)
Edge(60112,0,1204.897831)
Edge(60112,0,2247.355136)
Edge(60112,0,2428.029274)
Edge(60112,0,1094.458873)
Edge(60112,0,552.755403)
Edge(60112,0,1001.088629)
Edge(60112,0,2273.862169)
Edge(60112,0,1820.234599)
Edge(60112,0,1593.672604)
Edge(60112,0,377.38785)
Edge(60112,0,706.993391)
Edge(60112,0,354.132141)
Edge(60112,0,1515.913701)
Edge(60112,0,573.077394)
Edge(60112,0,1010.242724)
Edge(60112,0,262.893251)
Edge(60112,0,824.325156)
Edge(60112,0,355.90703)
Edge(60112,0,1098.02529)
Edge(60112,0,446.281983)
Edge(60112,0,1164.447298)
Edge(60112,0,342.629424)
Edge(60112,0,2126.23046)
Edge(60112,0,1408.033139)
Edge(60112,0,2924.619072)
Edge(60112,0,1658.967741)
Edge(60112,0,292.935113)
Edge(60112,0,1057.722583)
Edge(60112,0,700.188978)
Edge(60112,0,2495.501866)
Edge(60112,0,2806.137305)
Edge(60112,0,2625.834057)
Edge(60112,0,3780.116234)
Edge(60112,0,1641.783502)
Edge(60112,0,1994.253967)
Edge(60112,0,1466.815055)
Edge(60112,0,1054.924774)
Edge(60112,0,64.377628)
Edge(60112,0,313.960132)
Edge(60112,0,2411.628374)
Edge(60112,0,96.93615)
Edge(60112,0,96.305399)
Edge(60112,0,98.71398)
Edge(60112,0,98.147592)
Edge(60112,0,93.588913)
Edge(60112,0,144.535339)
Edge(60112,0,10.884312)
Edge(60112,0,785.224993)
Edge(60112,0,1729.358254)
Edge(60112,0,72.472517)
Edge(60112,0,53.623103)
Edge(60112,0,37.369553)
Edge(60112,0,77.595322)
Edge(60112,0,105.403237)
Edge(60112,0,2494.358826)
Edge(60112,0,487.13036)
Edge(60112,0,2267.851837)
Edge(60112,0,2271.506073)
Edge(60112,0,3056.166354)
Edge(60112,0,2304.373905)
Edge(60112,0,356.675588)
Edge(60112,0,1872.155336)
Edge(60112,0,2765.367054)
Edge(60112,0,180.512654)
Edge(60112,0,2817.063593)
Edge(60112,0,56.416432)
Edge(60112,0,2014.370041)
Edge(60112,0,380.34957)
Edge(60112,0,395.469914)
Edge(60112,0,339.384644)
Edge(60112,0,251.868754)
Edge(60112,0,170.722101)
Edge(60112,0,387.129522)
Edge(60112,0,93.550769)
Edge(60112,0,335.749397)
Edge(60112,0,678.439537)
Edge(60112,0,3190.686488)
Edge(60112,0,428.390538)
Edge(60112,0,61.192513)
Edge(60112,0,52.062224)
Edge(60112,0,129.110594)
Edge(60112,0,286.209077)
Edge(61003,0,2119.776147)
Edge(61003,0,333.12714)
Edge(61003,0,51.955507)
Edge(61003,0,211.317397)
Edge(61003,0,137.560498)
Edge(61003,0,106.986162)
Edge(61003,0,3282.707017)
Edge(61003,0,1090.208948)
Edge(61003,0,138.280187)
Edge(61003,0,54.195364)
Edge(61003,0,129.124797)
Edge(61003,0,1993.363022)
Edge(61003,0,541.596227)
Edge(61003,0,666.501883)
Edge(61003,0,1043.451909)
Edge(61003,0,527.699026)
Edge(61003,0,110.62495)
Edge(61003,0,1427.78695)
Edge(61003,0,245.435036)
Edge(61003,0,179.089083)
Edge(61003,0,63.700923)
Edge(61003,0,150.179923)
Edge(61003,0,610.718919)
Edge(61003,0,965.226947)
Edge(61003,0,514.487811)
Edge(61003,0,311.236127)
Edge(61003,0,738.237418)
Edge(61003,0,984.808749)
Edge(61003,0,1782.98464)
Edge(61003,0,694.467365)
Edge(61003,0,311.424949)
Edge(61003,0,1625.976287)
Edge(61003,0,575.093413)
Edge(61003,0,537.215675)
Edge(61003,0,1637.195576)
Edge(61003,0,118.025399)
Edge(61003,0,1001.332481)
Edge(61003,0,426.336625)
Edge(61003,0,504.737271)
Edge(61003,0,232.950743)
Edge(61003,0,332.771337)
Edge(61003,0,25.120913)
Edge(61003,0,1155.213335)
Edge(61003,0,1064.885184)
Edge(61003,0,181.708594)
Edge(61003,0,569.971282)
Edge(61003,0,153.722483)
Edge(61003,0,288.405777)
Edge(61003,0,50.598533)
Edge(61003,0,480.061604)
Edge(61003,0,280.717049)
Edge(61003,0,489.23908)
Edge(61003,0,314.064551)
Edge(61003,0,331.106079)
Edge(61003,0,272.802364)
Edge(61003,0,270.140008)
Edge(61003,0,238.393871)
Edge(61003,0,1849.021897)
Edge(61003,0,1058.811681)
Edge(61003,0,1055.121269)
Edge(61003,0,500.531051)
Edge(61003,0,557.052883)
Edge(61003,0,1268.954995)
Edge(61003,0,1478.624495)
Edge(61003,0,557.567201)
Edge(61003,0,1991.946262)
Edge(61003,0,91.050072)
Edge(61003,0,92.519777)
Edge(61003,0,16.410281)
Edge(61003,0,91.563284)
Edge(61003,0,135.56199)
Edge(61003,0,956.926114)
Edge(61003,0,6.992469)
Edge(61003,0,161.724846)
Edge(61003,0,144.548348)
Edge(61003,0,1454.601441)
Edge(61003,0,272.204644)
Edge(61003,0,169.494462)
Edge(61003,0,57.340111)
Edge(61003,0,2277.884744)
Edge(70101,70402,95.284216)
Edge(70101,70402,95.183137)
Edge(70101,70402,106.328937)
Edge(70101,70402,76.353849)
Edge(70101,70402,62.291115)
Edge(70101,70402,206.207605)
Edge(70101,70402,39.494884)
Edge(70101,70402,15.813022)
Edge(70101,70402,182.562438)
Edge(70101,70402,644.782999)
Edge(70101,70402,2351.521572)
Edge(70101,70402,1192.649398)
Edge(70101,70402,81.99725)
Edge(70101,70402,95.304556)
Edge(70101,70402,13.345535)
Edge(70101,70402,166.907346)
Edge(70101,70402,121.542576)
Edge(70101,70402,84.793875)
Edge(70101,70402,193.461184)
Edge(70101,70402,120.573993)
Edge(70101,70402,80.238319)
Edge(70101,70402,26.024785)
Edge(70101,70402,63.106161)
Edge(70101,70402,110.570835)
Edge(70101,70402,95.126307)
Edge(70101,70402,1183.209079)
Edge(70101,70402,55.545093)
Edge(70101,70402,1840.668084)
Edge(70101,70402,339.833779)
Edge(70101,70402,152.88982)
Edge(70101,70402,1910.471863)
Edge(70101,70402,2120.371965)
Edge(70101,70402,1226.551389)
Edge(70101,70402,1073.897684)
Edge(70101,70402,2215.064499)
Edge(70101,70402,1622.99785)
Edge(70101,70402,1342.355439)
Edge(70101,70402,2506.396316)
Edge(70101,70402,2338.404473)
Edge(70101,70402,1156.563904)
Edge(70101,70402,2146.854354)
Edge(70101,70402,2422.60873)
Edge(70101,70402,109.025922)
Edge(70101,70402,1137.066236)
Edge(70101,70402,714.180638)
Edge(70101,70402,81.088374)
Edge(70101,70402,553.591556)
Edge(70101,70402,1073.722561)
Edge(70101,70402,1694.787538)
Edge(70101,70402,26.651885)
Edge(70101,70402,29.300723)
Edge(70101,70402,45.756585)
Edge(70101,70402,66.462647)
Edge(70101,70402,35.970677)
Edge(70101,70402,169.240173)
Edge(70101,70402,36.97347)
Edge(70101,70402,69.52132)
Edge(70101,70402,85.298802)
Edge(70101,70402,27.169822)
Edge(70101,70402,56.456886)
Edge(70101,70402,33.098961)
Edge(70101,70402,537.686316)
Edge(70101,70402,45.73165)
Edge(70101,70402,1908.809787)
Edge(70101,70402,1401.554233)
Edge(70101,70402,735.216881)
Edge(70101,70402,43.506988)
Edge(70101,70402,108.536799)
Edge(70101,70402,1705.824191)
Edge(70101,70402,230.03157)
Edge(70101,70402,2654.170947)
Edge(70101,70402,2117.960694)
Edge(70101,70402,1162.325356)
Edge(70101,70402,573.69972)
Edge(70101,70402,2018.462293)
Edge(70101,70402,2008.084042)
Edge(70101,70402,1355.777248)
Edge(70101,70402,485.554027)
Edge(70101,70402,1989.590799)
Edge(70101,70402,1095.486005)
Edge(70101,70402,721.24793)
Edge(70101,70402,294.036103)
Edge(70101,70402,67.850086)
Edge(70101,70402,183.346441)
Edge(70101,70402,511.766944)
Edge(70101,70402,1969.639648)
Edge(70101,70402,1118.139289)
Edge(70101,70402,1631.037464)
Edge(70101,70402,1997.080304)
Edge(70101,70402,275.881567)
Edge(70101,70402,73.241404)
Edge(70101,70402,276.656893)
Edge(70101,70402,792.843423)
Edge(70101,70402,119.407395)
Edge(70101,70402,377.233702)
Edge(70101,70402,2622.427895)
Edge(70101,70402,2671.502252)
Edge(70101,70402,1255.88497)
Edge(70101,70402,1841.659317)
Edge(70101,70402,295.622023)
Edge(70101,70402,1466.592245)
Edge(70101,70402,2149.936365)
Edge(70101,70402,1913.662464)
Edge(70101,70402,994.29014)
Edge(70101,70402,21.189204)
Edge(70101,70402,956.00182)
Edge(70101,70402,2121.477647)
Edge(70101,70402,531.071069)
Edge(70101,70402,1876.542508)
Edge(70101,70402,2083.736769)
Edge(70201,0,2042.429381)
Edge(70201,0,1237.731985)
Edge(70201,0,1210.908903)
Edge(70201,0,176.508268)
Edge(70201,0,222.400946)
Edge(70201,0,310.368685)
Edge(70201,0,250.641767)
Edge(70201,0,194.654039)
Edge(70201,0,43.133609)
Edge(70201,0,86.267017)
Edge(70201,0,56.405411)
Edge(70201,0,256.673498)
Edge(70201,0,56.266693)
Edge(70201,0,244.484665)
Edge(70201,0,1730.356629)
Edge(70201,0,2168.545494)
Edge(70201,0,1404.753584)
Edge(70201,0,976.947612)
Edge(70201,0,2226.837852)
Edge(70201,0,30.967706)
Edge(70201,0,123.870825)
Edge(70201,0,95.115019)
Edge(70201,0,64.147413)
Edge(70201,0,96.221019)
Edge(70201,0,53.087511)
Edge(70201,0,56.575395)
Edge(70201,0,161.775184)
Edge(70201,0,66.684206)
Edge(70201,0,442.693784)
Edge(70201,0,33.628832)
Edge(70201,0,99.755878)
Edge(70201,0,140.669833)
Edge(70201,0,148.859412)
Edge(70201,0,75.207215)
Edge(70201,0,265.81909)
Edge(70201,0,91.488317)
Edge(70201,0,68.711148)
Edge(70201,0,28.839093)
Edge(70201,0,551.163973)
Edge(70201,0,463.413955)
Edge(70201,0,331.796366)
Edge(70201,0,57.511411)
Edge(70201,0,116.128723)
Edge(70201,0,347.796077)
Edge(70201,0,830.292523)
Edge(70201,0,1325.903832)
Edge(70201,0,1672.379707)
Edge(70201,0,50.776977)
Edge(70201,0,562.77422)
Edge(70201,0,670.845905)
Edge(70201,0,1735.807225)
Edge(70201,0,1789.048215)
Edge(70201,0,641.250771)
Edge(70201,0,250.832035)
Edge(70201,0,1095.71618)
Edge(70201,0,1884.653278)
Edge(70201,0,101.22393)
Edge(70201,0,1567.853704)
Edge(70201,0,321.364223)
Edge(70201,0,46.04012)
Edge(70201,0,44.892006)
Edge(70201,0,2162.586397)
Edge(70201,0,111.37877)
Edge(70201,0,2180.204071)
Edge(70201,0,250.310481)
Edge(70201,0,31598.720335)
Edge(70201,0,2779.876556)
Edge(70201,0,3264.5491)
Edge(70201,0,287.145285)
Edge(70201,0,358.169113)
Edge(70201,0,729.962906)
Edge(70201,0,1190.859176)
Edge(70201,0,5830.348612)
Edge(70201,0,1400.261283)
Edge(70201,0,91.557551)
Edge(70201,0,155.493481)
Edge(70201,0,118.558531)
Edge(70201,0,71.375043)
Edge(70201,0,339.093455)
Edge(70201,0,93.346249)
Edge(70201,0,292.563662)
Edge(70201,0,61.664661)
Edge(70201,0,315.439317)
Edge(70201,0,959.095534)
Edge(70201,0,87.178646)
Edge(70201,0,671.098459)
Edge(70201,0,1246.4483)
Edge(70201,0,261.654335)
Edge(70201,0,2059.647023)
Edge(70201,0,922.025796)
Edge(70201,0,2687.005326)
Edge(70201,0,117.159899)
Edge(70201,0,1956.035433)
Edge(70201,0,1454.104887)
Edge(70201,0,231.582307)
Edge(70201,0,1721.473432)
Edge(70201,0,902.477635)
Edge(70201,0,642.555601)
Edge(70201,0,242.398989)
Edge(70201,0,86.995412)
Edge(70201,0,899.265)
Edge(70201,0,1196.520012)
Edge(70201,0,150.128593)
Edge(70201,0,793.107828)
Edge(70201,0,386.508037)
Edge(70201,0,2144.738896)
Edge(70201,0,1202.490617)
Edge(70201,0,352.416238)
Edge(70201,0,1368.863058)
Edge(70201,0,730.13305)
Edge(70201,0,2938.251172)
Edge(70201,0,157.798711)
Edge(70201,0,536.624133)
Edge(70202,0,1539.78753)
Edge(70202,0,56.971018)
Edge(70202,0,116.129137)
Edge(70202,0,30.67641)
Edge(70202,0,184.713702)
Edge(70202,0,8.847903)
Edge(70202,0,109.407651)
Edge(70202,0,99.834291)
Edge(70202,0,10.192268)
Edge(70202,0,116.211807)
Edge(70202,0,118.361368)
Edge(70202,0,89.865291)
Edge(70202,0,45.345715)
Edge(70202,0,31.04518)
Edge(70202,0,2084.176714)
Edge(70202,0,1479.65099)
Edge(70202,0,822.801807)
Edge(70202,0,1409.318873)
Edge(70202,0,2559.786818)
Edge(70202,0,85.704419)
Edge(70202,0,399.927189)
Edge(70305,70603,144.544582)
Edge(70305,70603,1753.781226)
Edge(70305,70603,914.303551)
Edge(70305,70603,204.23518)
Edge(70305,70603,321.900855)
Edge(70305,70603,1068.132568)
Edge(70305,70603,32.326625)
Edge(70305,70603,1051.241988)
Edge(70305,70603,453.165419)
Edge(70305,70603,928.478234)
Edge(70305,70603,73.029787)
Edge(70305,70603,1273.944558)
Edge(70305,70603,2019.50261)
Edge(70305,70603,1019.567554)
Edge(70305,70603,760.127755)
Edge(70305,70603,292.774225)
Edge(70305,70603,1950.17922)
Edge(70305,70603,2477.914548)
Edge(70305,70603,1421.354181)
Edge(70305,70603,1897.323774)
Edge(70305,70603,311.102243)
Edge(70305,70603,315.031926)
Edge(70305,70603,942.801496)
Edge(70501,0,114.632114)
Edge(70501,0,134.075052)
Edge(70501,0,138.755655)
Edge(70501,0,64.340517)
Edge(70501,0,12.057228)
Edge(70501,0,20.220002)
Edge(70501,0,107.441737)
Edge(70501,0,139.20613)
Edge(70501,0,2623.706954)
Edge(70501,0,586.433433)
Edge(70501,0,1158.628295)
Edge(70501,0,593.162218)
Edge(70601,0,109.248945)
Edge(70601,0,69.50478)
Edge(70601,0,658.683629)
Edge(70601,0,1694.010186)
Edge(70601,0,911.800264)
Edge(70601,0,752.276975)
Edge(70601,0,808.967829)
Edge(70601,0,1683.147498)
Edge(70601,0,76.95417)
Edge(70601,0,44.707213)
