Edge(0,10106,64.559987)
Edge(0,10106,121.580345)
Edge(0,10106,104.085218)
Edge(0,10106,173.732535)
Edge(0,10106,96.297684)
Edge(0,10106,149.850592)
Edge(0,10106,54.996692)
Edge(0,10106,164.071606)
Edge(0,10106,34.047076)
Edge(0,10106,79.130913)
Edge(0,10106,61.492875)
Edge(0,10106,96.495002)
Edge(0,10106,49.344101)
Edge(0,10106,106.82855)
Edge(0,10106,53.208493)
Edge(0,10106,43.339237)
Edge(0,10106,189.447555)
Edge(0,10106,80.929349)
Edge(0,10106,197.067446)
Edge(0,10106,49.06508)
Edge(0,10106,88.58567)
Edge(0,10106,64.482297)
Edge(0,10106,149.645291)
Edge(0,10106,204.297301)
Edge(0,10106,72.320674)
Edge(0,10106,32.827774)
Edge(0,10106,238.965184)
Edge(0,10106,51.769621)
Edge(0,10106,45.427259)
Edge(0,10106,58.753476)
Edge(0,10106,68.926494)
Edge(0,10106,68.638065)
Edge(0,10106,36.614869)
Edge(0,10106,15.510042)
Edge(0,10106,211.674396)
Edge(0,10304,83.420143)
Edge(0,10304,287.91199)
Edge(0,10304,76.594581)
Edge(0,10304,104.052982)
Edge(0,10304,99.832152)
Edge(0,10304,590.979707)
Edge(0,10304,353.056654)
Edge(0,10304,318.188983)
Edge(0,10304,58.48448)
Edge(0,10304,150.734344)
Edge(0,10304,48.005864)
Edge(0,10304,539.696836)
Edge(0,10304,210.164996)
Edge(0,10304,26.274366)
Edge(0,10304,75.283476)
Edge(0,10304,158.228358)
Edge(0,10304,346.888058)
Edge(0,10304,329.951048)
Edge(0,10304,56.020989)
Edge(0,10304,52.41606)
Edge(0,10503,171.792814)
Edge(0,10503,72.064063)
Edge(0,10503,157.726771)
Edge(0,10503,23.5963)
Edge(0,10503,1491.580693)
Edge(0,10503,508.152096)
Edge(0,10503,47.947995)
Edge(0,10503,847.712349)
Edge(0,10503,541.616573)
Edge(0,10503,234.968982)
Edge(0,10503,11.275021)
Edge(0,10503,154.936474)
Edge(0,10503,34.093937)
Edge(0,10503,252.538796)
Edge(0,10503,466.426352)
Edge(0,10503,756.531004)
Edge(0,10503,12.361689)
Edge(0,10503,565.057843)
Edge(0,10503,733.138686)
Edge(0,10503,338.280688)
Edge(0,10503,47.592797)
Edge(0,10503,100.945444)
Edge(0,10503,81.078194)
Edge(0,10503,156.752444)
Edge(0,10503,30.181451)
Edge(0,10503,197.681812)
Edge(0,10503,695.31901)
Edge(0,10503,88.162306)
Edge(0,10503,13.269934)
Edge(0,10503,50.393092)
Edge(0,10503,91.601948)
Edge(0,10503,93.839317)
Edge(0,10503,109.851801)
Edge(0,10503,213.802951)
Edge(0,10503,166.330772)
Edge(0,10503,82.180964)
Edge(0,10503,186.471743)
Edge(0,10503,1894.616631)
Edge(0,10503,937.454425)
Edge(0,10503,246.593367)
Edge(0,10503,150.611353)
Edge(0,10503,42.276458)
Edge(0,10503,157.870899)
Edge(0,10503,66.144444)
Edge(0,10503,65.159245)
Edge(0,10503,144.462773)
Edge(0,10503,315.573913)
Edge(0,10503,263.601978)
Edge(0,10503,179.037856)
Edge(0,10503,153.17391)
Edge(0,10503,30.9668)
Edge(0,10503,69.787114)
Edge(0,10503,40.214872)
Edge(0,10503,60.21323)
Edge(0,10503,52.39487)
Edge(0,10503,358.421689)
Edge(0,10803,156.128113)
Edge(0,10803,154.669456)
Edge(0,10803,149.34149)
Edge(0,10803,158.528621)
Edge(0,10803,61.185283)
Edge(0,10803,277.232601)
Edge(0,10803,322.061692)
Edge(0,10803,392.009078)
Edge(0,10803,33.232885)
Edge(0,10803,205.668136)
Edge(0,10803,203.214327)
Edge(0,10803,144.248889)
Edge(0,10803,217.02375)
Edge(0,10803,94.819877)
Edge(0,10803,89.788718)
Edge(0,10803,191.5051)
Edge(0,10803,127.770508)
Edge(0,10803,165.652138)
Edge(0,10803,511.586422)
Edge(0,10803,273.565458)
Edge(0,10803,287.677168)
Edge(0,10803,353.703017)
Edge(0,10803,62.71532)
Edge(0,10803,258.162614)
Edge(0,10803,1069.166208)
Edge(0,10803,346.908228)
Edge(0,10803,331.744132)
Edge(0,10803,49.768403)
Edge(0,10803,107.837576)
Edge(0,10803,702.595304)
Edge(0,10803,307.692436)
Edge(0,10803,247.472349)
Edge(0,10803,162.73246)
Edge(0,10803,526.969167)
Edge(0,10803,36.102721)
Edge(0,10803,25.81037)
Edge(0,10803,42.580146)
Edge(0,10803,397.483074)
Edge(0,10803,245.450801)
Edge(0,10803,45.668045)
Edge(0,10803,498.469775)
Edge(0,10803,321.410209)
Edge(0,10803,16.733834)
Edge(0,10803,374.523965)
Edge(0,10803,595.87491)
Edge(0,10803,15.031673)
Edge(0,10803,429.994888)
Edge(0,10803,192.416204)
Edge(0,10803,121.125385)
Edge(0,10803,101.34591)
Edge(0,10803,99.972176)
Edge(0,10803,126.618799)
Edge(0,10803,387.757432)
Edge(0,10803,101.278432)
Edge(0,10803,225.928196)
Edge(0,10803,135.540049)
Edge(0,10803,53.614757)
Edge(0,10803,198.41754)
Edge(0,10803,727.225048)
Edge(0,10803,150.606201)
Edge(0,10803,140.728086)
Edge(0,10803,530.968961)
Edge(0,10803,155.849293)
Edge(0,10803,158.332104)
Edge(0,10803,50.356808)
Edge(0,10803,187.568007)
Edge(0,10803,187.568107)
Edge(0,10803,281.549479)
Edge(0,10803,79.147783)
Edge(0,10803,156.764191)
Edge(0,10803,69.040187)
Edge(0,10803,53.752094)
Edge(0,10803,246.088731)
Edge(0,10803,102.052424)
Edge(0,10803,51.769416)
Edge(0,10803,56.852019)
Edge(0,10803,156.088456)
Edge(0,10803,55.306308)
Edge(0,10803,74.845452)
Edge(0,10803,334.465476)
Edge(0,10803,130.392414)
Edge(0,10803,298.90086)
Edge(0,10803,124.903039)
Edge(0,10803,127.715228)
Edge(0,10803,56.92179)
Edge(0,10803,50.68472)
Edge(0,10803,231.808677)
Edge(0,10803,23.540806)
Edge(0,10803,183.93264)
Edge(0,10803,88.259839)
Edge(0,10803,202.485637)
Edge(0,10803,107.564404)
Edge(0,10803,615.559144)
Edge(0,10803,566.282941)
Edge(0,10803,106.630889)
Edge(0,10803,35.099893)
Edge(0,10803,90.482093)
Edge(0,10803,89.412733)
Edge(0,10803,173.380044)
Edge(0,10803,257.153056)
Edge(0,10803,34.898711)
Edge(0,10803,168.499726)
Edge(0,10803,135.355154)
Edge(0,10803,162.303521)
Edge(0,10803,182.583056)
Edge(0,10803,872.600641)
Edge(0,10803,24.954214)
Edge(0,10803,166.013843)
Edge(0,10803,156.569739)
Edge(0,10803,295.244872)
Edge(0,10803,314.927875)
Edge(0,10803,207.205377)
Edge(0,10803,190.536371)
Edge(0,10803,30.401385)
Edge(0,10803,142.182005)
Edge(0,10803,62.945282)
Edge(0,10803,91.74355)
Edge(0,10803,189.631852)
Edge(0,10803,111.390393)
Edge(0,10803,592.953609)
Edge(0,10803,29.498068)
Edge(0,10803,82.98843)
Edge(0,10803,138.595817)
Edge(0,10803,103.734879)
Edge(0,10803,14.384566)
Edge(0,10803,253.180648)
Edge(0,10803,367.968324)
Edge(0,10803,290.43379)
Edge(0,10803,197.807121)
Edge(0,10803,106.028995)
Edge(0,10803,41.446102)
Edge(0,10803,94.201674)
Edge(0,10901,68.897119)
Edge(0,10901,93.465595)
Edge(0,10901,24.979616)
Edge(0,10901,70.41053)
Edge(0,10901,17.130782)
Edge(0,10901,417.472407)
Edge(0,10901,72.859104)
Edge(0,10901,65.403532)
Edge(0,10901,59.861672)
Edge(0,10901,418.599311)
Edge(0,10901,77.391297)
Edge(0,10901,126.642172)
Edge(0,10901,365.261887)
Edge(0,10901,99.53856)
Edge(0,10901,134.969366)
Edge(0,10901,111.751219)
Edge(0,10901,56.064538)
Edge(0,10901,136.272961)
Edge(0,10901,61.803362)
Edge(0,10901,65.577449)
Edge(0,10901,218.180266)
Edge(0,10901,59.832292)
Edge(0,10901,122.809138)
Edge(0,10901,216.729838)
Edge(0,10901,170.920461)
Edge(0,10901,82.573314)
Edge(0,10901,131.623119)
Edge(0,10901,126.148293)
Edge(0,10901,41.356963)
Edge(0,10901,135.783326)
Edge(0,10901,99.499452)
Edge(0,10901,53.829865)
Edge(0,10901,26.687971)
Edge(0,10901,345.849411)
Edge(0,10901,35.30332)
Edge(0,10901,46.564216)
Edge(0,10901,98.90455)
Edge(0,10904,64.379882)
Edge(0,10904,62.089198)
Edge(0,10904,113.848884)
Edge(0,10904,49.901052)
Edge(0,10904,56.500098)
Edge(0,10904,60.362903)
Edge(0,10904,69.128745)
Edge(0,10904,74.30225)
Edge(0,10904,211.878963)
Edge(0,10904,108.245018)
Edge(0,10904,60.128562)
Edge(0,10904,66.177543)
Edge(0,10904,114.40946)
Edge(0,10904,107.021401)
Edge(0,10904,73.125441)
Edge(0,10904,161.772395)
Edge(0,10904,70.858271)
Edge(0,10904,62.176198)
Edge(0,10904,70.993929)
Edge(0,10904,10.192358)
Edge(0,11001,16.842434)
Edge(0,11001,152.694494)
Edge(0,11001,53.070769)
Edge(0,11001,25.823456)
Edge(0,11001,176.29229)
Edge(0,11001,162.408978)
Edge(0,11001,87.944329)
Edge(0,11001,97.823817)
Edge(0,11001,18.801301)
Edge(0,11001,41.155112)
Edge(0,11001,62.410694)
Edge(0,11001,140.072069)
Edge(0,11001,45.117346)
Edge(0,11001,39.958687)
Edge(0,11001,138.837715)
Edge(0,11001,126.894671)
Edge(0,11001,130.753414)
Edge(0,11001,119.691435)
Edge(0,11001,158.052169)
Edge(0,11001,86.924567)
Edge(0,11001,145.746585)
Edge(0,11001,100.641097)
Edge(0,11001,27.564997)
Edge(0,11001,42.289929)
Edge(0,11001,80.227724)
Edge(0,11001,94.75281)
Edge(0,11001,95.435034)
Edge(0,11001,95.20861)
Edge(0,11001,96.524628)
Edge(0,11001,92.812283)
Edge(0,11001,259.815093)
Edge(0,11001,17.846566)
Edge(0,11001,38.307072)
Edge(0,11001,63.956581)
Edge(0,11604,193.85169)
Edge(0,11604,165.942141)
Edge(0,11604,474.125367)
Edge(0,11604,269.437884)
Edge(0,11604,334.226163)
Edge(0,11604,670.691796)
Edge(0,11604,124.91102)
Edge(0,11604,399.522601)
Edge(0,11604,130.644331)
Edge(0,11604,91.253414)
Edge(0,11604,147.852561)
Edge(0,11604,192.494167)
Edge(0,11801,92.863244)
Edge(0,11801,64.486811)
Edge(0,11801,83.803271)
Edge(0,11801,122.252462)
Edge(0,11801,88.855736)
Edge(0,11801,94.782012)
Edge(0,11801,92.532975)
Edge(0,11801,97.007098)
Edge(0,11801,127.677976)
Edge(0,11801,148.728657)
Edge(0,11801,73.675642)
Edge(0,11801,155.556014)
Edge(0,11801,227.622161)
Edge(0,11801,479.660666)
Edge(0,11801,72.675473)
Edge(0,11801,32.147779)
Edge(0,11801,75.550906)
Edge(0,11801,73.616717)
Edge(0,11801,120.509751)
Edge(0,11801,77.085898)
Edge(0,11801,78.137744)
Edge(0,11801,41.021685)
Edge(0,11801,53.032418)
Edge(0,11801,253.252392)
Edge(0,11801,58.285047)
Edge(0,11801,526.333005)
Edge(0,11801,305.602009)
Edge(0,11801,260.64172)
Edge(0,11801,193.526509)
Edge(0,11801,177.185796)
Edge(0,11801,175.312285)
Edge(0,11801,73.471211)
Edge(0,11801,64.359748)
Edge(0,11801,84.101795)
Edge(0,11801,11.186384)
Edge(0,11801,104.383973)
Edge(0,11801,8.7725)
Edge(0,11801,90.46679)
Edge(0,11801,179.432025)
Edge(0,11801,61.799527)
Edge(0,11801,6.941194)
Edge(0,11801,62.000499)
Edge(0,11801,46.386055)
Edge(0,11801,96.72444)
Edge(0,11801,80.170559)
Edge(0,11801,92.646574)
Edge(0,11801,129.963763)
Edge(0,11801,178.828896)
Edge(0,11801,35.4727)
Edge(0,11801,103.167646)
Edge(0,11801,102.362291)
Edge(0,11801,85.018974)
Edge(0,11801,39.722918)
Edge(0,11801,45.17565)
Edge(0,11801,181.689615)
Edge(0,11801,113.597778)
Edge(0,11801,42.993663)
Edge(0,11801,37.690526)
Edge(0,11801,54.645454)
Edge(0,11801,38.888692)
Edge(0,11801,155.873189)
Edge(0,11801,66.898285)
Edge(0,11801,29.165175)
Edge(0,11801,32.985875)
Edge(0,11801,33.089219)
Edge(0,11801,131.883239)
Edge(0,11801,128.98842)
Edge(0,11801,98.011253)
Edge(0,11801,125.111788)
Edge(0,11801,82.509649)
Edge(0,11801,94.40831)
Edge(0,11801,93.738072)
Edge(0,11801,90.027138)
Edge(0,11801,150.221701)
Edge(0,11801,92.710173)
Edge(0,11801,90.162979)
Edge(0,11801,80.422868)
Edge(0,11801,96.725779)
Edge(0,11801,92.647804)
Edge(0,20101,46.412255)
Edge(0,20101,237.493462)
Edge(0,20108,234.943004)
Edge(0,20108,40.231344)
Edge(0,20108,139.59269)
Edge(0,20108,50.356689)
Edge(0,20108,109.711725)
Edge(0,20108,197.386396)
Edge(0,20108,109.542334)
Edge(0,20108,204.293994)
Edge(0,20108,213.391119)
Edge(0,20108,195.835357)
Edge(0,20108,283.040778)
Edge(0,20108,334.852088)
Edge(0,20108,63.750703)
Edge(0,20108,51.724953)
Edge(0,20108,32.895)
Edge(0,20108,126.514333)
Edge(0,20108,198.729486)
Edge(0,20108,789.150693)
Edge(0,20108,146.434771)
Edge(0,20108,93.690239)
Edge(0,20108,86.968841)
Edge(0,20108,175.397738)
Edge(0,20108,43.831094)
Edge(0,20108,11.18591)
Edge(0,20108,21.864692)
Edge(0,20108,196.720774)
Edge(0,20108,94.005505)
Edge(0,20108,42.991674)
Edge(0,20108,41.725753)
Edge(0,20108,38.3775)
Edge(0,20108,187.514739)
Edge(0,20108,131.049461)
Edge(0,20110,66.4666)
Edge(0,20110,172.947625)
Edge(0,20110,148.561293)
Edge(0,20110,52.026518)
Edge(0,20110,60.441909)
Edge(0,20110,66.205257)
Edge(0,20110,61.78604)
Edge(0,20110,26.543101)
Edge(0,20110,64.295621)
Edge(0,20110,83.553567)
Edge(0,20110,102.009709)
Edge(0,20110,43.810233)
Edge(0,20110,48.00935)
Edge(0,20110,12.361691)
Edge(0,20110,86.344068)
Edge(0,20110,86.376482)
Edge(0,20110,64.183541)
Edge(0,20110,43.926623)
Edge(0,20110,43.726242)
Edge(0,20110,41.306361)
Edge(0,20110,16.597161)
Edge(0,20110,20.952589)
Edge(0,20110,16.597148)
Edge(0,20110,16.597062)
Edge(0,20110,399.804935)
Edge(0,20110,75.86799)
Edge(0,20110,101.907523)
Edge(0,20110,72.657945)
Edge(0,20110,118.689383)
Edge(0,20110,141.682936)
Edge(0,20110,87.53696)
Edge(0,20110,34.286123)
Edge(0,20110,103.367869)
Edge(0,20110,81.336231)
Edge(0,20110,48.17188)
Edge(0,20110,14.3775)
Edge(0,20110,46.65162)
Edge(0,20110,60.270594)
Edge(0,20110,48.385666)
Edge(0,20110,44.994123)
Edge(0,20110,121.975573)
Edge(0,20110,42.798283)
Edge(0,20110,10.902211)
Edge(0,20113,89.35585)
Edge(0,20113,40.551347)
Edge(0,20113,378.416788)
Edge(0,20301,634.575118)
Edge(0,20301,677.870147)
Edge(0,20301,429.259327)
Edge(0,20301,605.743578)
Edge(0,20301,331.814247)
Edge(0,20301,240.210665)
Edge(0,20301,306.731349)
Edge(0,20601,95.271878)
Edge(0,20601,38.575642)
Edge(0,20601,328.942405)
Edge(0,20601,510.113936)
Edge(0,20601,168.72454)
Edge(0,20601,41.899996)
Edge(0,20601,341.411855)
Edge(0,20601,115.661911)
Edge(0,20601,48.234568)
Edge(0,20601,205.097036)
Edge(0,20602,124.560378)
Edge(0,20602,190.153099)
Edge(0,20602,117.986087)
Edge(0,20602,42.813397)
Edge(0,20602,101.957201)
Edge(0,20602,28.589864)
Edge(0,20602,206.881749)
Edge(0,20602,43.810116)
Edge(0,20602,19.919031)
Edge(0,20602,26.021131)
Edge(0,20602,13.977375)
Edge(0,20602,69.886843)
Edge(0,20602,50.688496)
Edge(0,20602,135.679514)
Edge(0,20602,252.702754)
Edge(0,20602,112.324185)
Edge(0,20602,180.527512)
Edge(0,20602,190.413936)
Edge(0,20602,122.07587)
Edge(0,20602,49.799818)
Edge(0,20602,24.138897)
Edge(0,20602,40.54406)
Edge(0,20602,203.965061)
Edge(0,20602,114.495504)
Edge(0,20602,15.287282)
Edge(0,20602,450.574108)
Edge(0,20602,312.53884)
Edge(0,20602,279.675125)
Edge(0,20602,162.025719)
Edge(0,20602,108.442172)
Edge(0,20602,80.496168)
Edge(0,20602,222.510745)
Edge(0,20602,409.380804)
Edge(0,20602,49.445177)
Edge(0,20602,1161.167751)
Edge(0,20602,122.848585)
Edge(0,20602,108.173469)
Edge(0,20602,53.360901)
Edge(0,20602,25.204741)
Edge(0,20602,47.871426)
Edge(0,20602,168.102735)
Edge(0,20602,17.471648)
Edge(0,20602,65.269795)
Edge(0,20602,93.988055)
Edge(0,20602,31.276024)
Edge(0,20602,43.355089)
Edge(0,20602,48.897352)
Edge(0,20602,109.671381)
Edge(0,20602,54.97372)
Edge(0,20602,152.099726)
Edge(0,20602,126.663095)
Edge(0,20602,82.917956)
Edge(0,20602,67.226274)
Edge(0,20602,159.498642)
Edge(0,20602,212.150249)
Edge(0,20901,263.786171)
Edge(0,20901,52.047609)
Edge(0,20901,40.975264)
Edge(0,20901,91.532794)
Edge(0,20901,100.863146)
Edge(0,20901,102.213354)
Edge(0,20901,64.197161)
Edge(0,20901,17.349162)
Edge(0,20901,93.987559)
Edge(0,20901,122.172289)
Edge(0,20901,179.390996)
Edge(0,20901,212.023726)
Edge(0,20901,228.44632)
Edge(0,20901,349.202496)
Edge(0,20901,386.038364)
Edge(0,20901,78.963171)
Edge(0,20901,14.422313)
Edge(0,20901,235.719652)
Edge(0,20901,98.287807)
Edge(0,20901,24.288719)
Edge(0,20901,79.584332)
Edge(0,20901,89.531631)
Edge(0,20901,88.145695)
Edge(0,20901,220.749233)
Edge(0,20901,22.036343)
Edge(0,20901,352.4778)
Edge(0,20901,259.589176)
Edge(0,20901,66.30425)
Edge(0,20901,88.621377)
Edge(0,20901,230.393451)
Edge(0,20901,21.466051)
Edge(0,20901,6.6358)
Edge(0,20901,120.620084)
Edge(0,20901,43.450523)
Edge(0,20901,34.040484)
Edge(0,20901,54.573127)
Edge(0,20901,395.662954)
Edge(0,20901,133.786369)
Edge(0,20901,119.813622)
Edge(0,20901,226.982935)
Edge(0,20901,33.314343)
Edge(0,20901,20.223145)
Edge(0,20901,52.478591)
Edge(0,20901,76.160177)
Edge(0,20901,23.128236)
Edge(0,20901,235.083071)
Edge(0,20901,52.478692)
Edge(0,20901,67.456957)
Edge(0,20901,50.327669)
Edge(0,20901,162.387919)
Edge(0,20901,155.866974)
Edge(0,20901,222.881062)
Edge(0,20901,26.311202)
Edge(0,20901,191.297231)
Edge(0,20901,173.752766)
Edge(0,20901,14.922743)
Edge(0,20901,97.970606)
Edge(0,20901,96.986172)
Edge(0,20901,93.715211)
Edge(0,20901,90.140913)
Edge(0,20901,94.514642)
Edge(0,20901,90.445717)
Edge(0,20901,101.349281)
Edge(0,20901,87.177499)
Edge(0,20901,93.604117)
Edge(0,20901,95.89562)
Edge(0,20901,93.421021)
Edge(0,20901,85.860716)
Edge(0,20901,107.641518)
Edge(0,20901,122.323989)
Edge(0,20901,64.095975)
Edge(0,20901,224.312366)
Edge(0,20901,129.959145)
Edge(0,20901,59.549955)
Edge(0,20901,7.7418)
Edge(0,20901,83.012804)
Edge(0,20901,89.61038)
Edge(0,20901,164.443125)
Edge(0,20901,206.689164)
Edge(0,20901,327.811725)
Edge(0,20901,216.300656)
Edge(0,20901,253.691351)
Edge(0,20901,252.785401)
Edge(0,20901,174.220751)
Edge(0,20901,191.711906)
Edge(0,20901,68.953173)
Edge(0,20901,174.592938)
Edge(0,20901,425.402699)
Edge(0,20901,173.498921)
Edge(0,20901,276.659689)
Edge(0,20901,167.8431)
Edge(0,20901,202.404545)
Edge(0,20901,547.588112)
Edge(0,20901,528.187358)
Edge(0,20901,142.855314)
Edge(0,20901,18.928884)
Edge(0,20901,64.603545)
Edge(0,20901,12.361667)
Edge(0,20901,128.225538)
Edge(0,20901,147.82721)
Edge(0,21002,609.978406)
Edge(0,21002,1859.046743)
Edge(0,21002,1848.872876)
Edge(0,21006,1003.811029)
Edge(0,21006,67.939448)
Edge(0,21006,118.978309)
Edge(0,21006,2423.093964)
Edge(0,21006,2089.007007)
Edge(0,21006,2381.378582)
Edge(0,21006,209.082618)
Edge(0,21006,997.396916)
Edge(0,21006,313.952076)
Edge(0,21006,82.979189)
Edge(0,21006,140.616176)
Edge(0,21006,2239.601386)
Edge(0,21006,1898.008623)
Edge(0,30301,139.752292)
Edge(0,30301,290.303521)
Edge(0,30301,68.596135)
Edge(0,30301,310.838587)
Edge(0,30301,298.317949)
Edge(0,30301,111.190315)
Edge(0,30301,80.630239)
Edge(0,30301,16.4471)
Edge(0,30301,256.633796)
Edge(0,30301,63.749176)
Edge(0,30301,355.273508)
Edge(0,30301,112.962386)
Edge(0,30301,142.788652)
Edge(0,30301,204.450719)
Edge(0,30301,47.471582)
Edge(0,30301,208.888539)
Edge(0,30301,61.163909)
Edge(0,30301,186.328204)
Edge(0,30301,159.646809)
Edge(0,30301,50.818847)
Edge(0,30301,166.393571)
Edge(0,30301,60.434297)
Edge(0,30301,45.817509)
Edge(0,30301,121.547108)
Edge(0,30301,54.138268)
Edge(0,30301,132.635398)
Edge(0,30301,186.379387)
Edge(0,30301,63.852505)
Edge(0,30301,89.286343)
Edge(0,30301,54.734209)
Edge(0,30301,129.175958)
Edge(0,30301,263.161798)
Edge(0,30301,113.769547)
Edge(0,30301,172.330422)
Edge(0,30301,80.754612)
Edge(0,30301,128.672145)
Edge(0,30301,280.562426)
Edge(0,30301,173.864967)
Edge(0,30301,89.9116)
Edge(0,51004,1039.376805)
Edge(0,51004,370.033444)
Edge(0,51004,556.131303)
Edge(0,51004,422.215367)
Edge(0,51004,26.389318)
Edge(0,51004,99.516156)
Edge(0,51004,108.828343)
Edge(0,51004,1024.616025)
Edge(0,51004,323.740218)
Edge(0,51004,638.181516)
Edge(0,51004,195.733293)
Edge(0,51004,285.328137)
Edge(0,51004,2578.053618)
Edge(0,51004,258.709594)
Edge(0,51004,1645.079818)
Edge(0,51004,103.489674)
Edge(0,51004,14.9314)
Edge(0,51004,103.935316)
Edge(0,51004,693.176459)
Edge(0,51004,176.429884)
Edge(0,51004,309.927727)
Edge(0,51004,3317.087396)
Edge(0,51004,259.532586)
Edge(0,51004,319.661016)
Edge(0,51004,24.230841)
Edge(0,51004,58.266489)
Edge(0,51004,99.691563)
Edge(0,51004,99.92349)
Edge(0,51004,154.406002)
Edge(0,51004,378.121389)
Edge(0,51004,40.815202)
Edge(0,51004,565.265522)
Edge(0,51004,23.364282)
Edge(0,51004,165.005313)
Edge(0,51004,68.660556)
Edge(0,51004,8.861073)
Edge(0,51004,572.801369)
Edge(0,51004,70.066632)
Edge(0,51004,415.615781)
Edge(10601,0,48.548743)
Edge(10601,0,31.22777)
Edge(10601,0,57.358384)
Edge(10601,0,68.319238)
Edge(10601,0,29.731092)
Edge(10601,0,92.155136)
Edge(10601,0,37.845353)
Edge(10601,0,94.046637)
Edge(10601,0,11.026442)
Edge(10601,0,148.031206)
Edge(10601,0,78.823275)
Edge(10601,0,9.115506)
Edge(10601,0,284.041569)
Edge(10601,0,189.124788)
Edge(10601,0,65.28145)
Edge(10602,0,26.328501)
Edge(10602,0,253.035547)
Edge(10602,0,102.912998)
Edge(10602,0,172.438498)
Edge(10602,0,197.462156)
Edge(10602,0,23.548105)
Edge(10602,0,404.275377)
Edge(10602,0,22.234876)
Edge(10602,0,649.896778)
Edge(10602,0,1338.19975)
Edge(10602,0,354.037095)
Edge(10602,0,225.292968)
Edge(10602,0,304.466128)
Edge(10602,0,115.19984)
Edge(10602,0,187.064538)
Edge(10602,0,1802.446456)
Edge(10602,0,940.290604)
Edge(10602,0,56.481055)
Edge(10602,0,57.045001)
Edge(10602,0,53.753901)
Edge(10602,0,2529.113244)
Edge(10602,0,579.024766)
Edge(10602,0,972.801932)
Edge(10602,0,71.234691)
Edge(10602,0,34.616642)
Edge(10602,0,73.288042)
Edge(10602,0,50.356841)
Edge(10602,0,608.554219)
Edge(10602,0,178.176711)
Edge(10602,0,28.7547)
Edge(10602,0,1219.872919)
Edge(10602,0,534.34491)
Edge(10602,0,2337.66339)
Edge(10602,0,291.910584)
Edge(10602,0,348.974877)
Edge(10602,0,490.884612)
Edge(10602,0,2005.129993)
Edge(10602,0,2190.602281)
Edge(10602,0,775.385458)
Edge(10602,0,492.900077)
Edge(10602,0,614.316169)
Edge(10602,0,48.24273)
Edge(10602,0,585.849292)
Edge(10602,0,83.225979)
Edge(10602,0,409.739757)
Edge(10602,0,317.290896)
Edge(10602,0,423.372888)
Edge(10602,0,434.79982)
Edge(10602,0,20.250246)
Edge(10602,0,350.121382)
Edge(10602,0,380.020837)
Edge(10602,0,21.235741)
Edge(10602,0,91.253787)
Edge(10602,0,29.762542)
Edge(10803,0,63.940205)
Edge(10803,0,18.770657)
Edge(10803,0,103.091263)
Edge(10803,0,75.946463)
Edge(10803,0,214.335357)
Edge(10803,0,43.108396)
Edge(10803,0,92.590726)
Edge(10803,0,132.358552)
Edge(10803,0,73.761893)
Edge(10803,0,91.968939)
Edge(10803,0,113.508769)
Edge(10803,0,16.446901)
Edge(10803,0,51.959128)
Edge(10803,0,54.558693)
Edge(10803,0,68.634361)
Edge(10803,0,150.320391)
Edge(10803,0,100.173866)
Edge(10803,0,87.070957)
Edge(10803,0,274.347239)
Edge(10803,0,91.549134)
Edge(10803,0,62.036035)
Edge(10803,0,16.595058)
Edge(10803,0,39.149292)
Edge(10803,0,50.334846)
Edge(10803,0,128.387593)
Edge(10803,0,14.089158)
Edge(10803,0,30.583883)
Edge(10803,0,47.16885)
Edge(10803,0,141.302138)
Edge(10803,0,75.889527)
Edge(10803,0,142.53321)
Edge(10803,0,91.544194)
Edge(10803,0,45.710662)
Edge(10803,0,29.589913)
Edge(10803,0,66.546998)
Edge(10803,0,132.398425)
Edge(10803,0,164.838943)
Edge(10803,0,130.44488)
Edge(10803,0,201.529877)
Edge(10803,0,151.142225)
Edge(10803,0,61.514205)
Edge(10803,0,103.656834)
Edge(10803,0,35.415843)
Edge(10803,0,294.864438)
Edge(10803,0,104.708694)
Edge(10803,0,32.82593)
Edge(10803,0,30.578266)
Edge(10803,0,180.269991)
Edge(10803,0,183.51395)
Edge(10803,0,104.258411)
Edge(10803,0,43.914505)
Edge(10803,0,232.542653)
Edge(10803,0,244.346417)
Edge(10803,0,37.479565)
Edge(10803,0,37.32239)
Edge(10803,0,84.527736)
Edge(10803,0,108.92194)
Edge(10803,0,95.211693)
Edge(10803,0,119.574189)
Edge(10803,0,125.457481)
Edge(10803,0,9.115354)
Edge(10803,0,197.485034)
Edge(10803,0,22.1193)
Edge(10803,0,130.545192)
Edge(10803,0,168.106702)
Edge(10803,0,161.470902)
Edge(10803,0,230.064262)
Edge(10805,11105,247.094743)
Edge(10805,11105,17.191172)
Edge(10805,11105,158.300035)
Edge(10805,11105,60.213225)
Edge(10805,11105,49.96128)
Edge(10805,11105,50.35669)
Edge(10805,11105,93.981676)
Edge(10805,11105,96.175055)
Edge(10805,11105,83.207778)
Edge(10805,11105,20.307461)
Edge(10805,11105,100.011159)
Edge(10805,11105,38.152996)
Edge(10805,11105,104.247183)
Edge(10805,11105,118.574088)
Edge(10805,11105,97.112015)
Edge(10805,11105,94.811271)
Edge(10805,11105,297.023697)
Edge(10805,11105,95.874514)
Edge(10805,11105,258.655578)
Edge(10805,11105,145.26114)
Edge(10805,11105,71.954434)
Edge(10805,11105,235.853491)
Edge(10805,11105,48.832626)
Edge(10805,11105,198.457436)
Edge(10805,11105,667.576316)
Edge(10805,11105,234.374106)
Edge(10805,11105,47.607545)
Edge(10805,11105,1682.853022)
Edge(10805,11105,26.074488)
Edge(10805,11105,26.405172)
Edge(10805,11105,150.215853)
Edge(10805,11105,80.063887)
Edge(10805,11105,153.674322)
Edge(10805,11105,177.289695)
Edge(10805,11105,535.17178)
Edge(10805,11105,261.177748)
Edge(10805,11105,1062.855941)
Edge(10805,11105,246.580762)
Edge(10805,11105,87.679869)
Edge(10805,11105,62.212606)
Edge(10805,11105,359.779485)
Edge(10805,11105,594.046864)
Edge(10805,11105,18.673668)
Edge(10805,11105,1137.97399)
Edge(10805,11105,1346.691205)
Edge(10805,11105,63.43658)
Edge(10805,11105,21.031443)
Edge(10805,11105,303.921597)
Edge(10805,11105,160.669309)
Edge(10805,11105,406.964026)
Edge(10906,0,137.33572)
Edge(11703,0,133.73529)
Edge(11703,0,172.837561)
Edge(11703,0,34.895891)
Edge(11703,0,55.223942)
Edge(11703,0,294.360374)
Edge(11703,0,94.293303)
Edge(11703,0,91.051559)
Edge(11703,0,210.067222)
Edge(11703,0,195.855631)
Edge(11703,0,65.002536)
Edge(11703,0,64.080772)
Edge(11703,0,32.967416)
Edge(11703,0,12.0607)
Edge(11703,0,103.544582)
Edge(11703,0,6.5786)
Edge(11703,0,14.424298)
Edge(11703,0,97.341044)
Edge(11703,0,38.495569)
Edge(11703,0,68.722718)
Edge(11703,0,134.003459)
Edge(11703,0,381.109771)
Edge(11703,0,92.755733)
Edge(11703,0,312.975254)
Edge(11703,0,182.123424)
Edge(11703,0,129.481582)
Edge(11703,0,54.243549)
Edge(11703,0,276.223987)
Edge(11703,0,216.319783)
Edge(11703,0,74.289017)
Edge(11703,0,48.185937)
Edge(11703,0,101.748804)
Edge(11703,0,114.551061)
Edge(11703,0,144.06089)
Edge(11703,0,52.715249)
Edge(11703,0,129.931512)
Edge(11703,0,48.569497)
Edge(11801,20108,78.909842)
Edge(11801,20108,220.384779)
Edge(11801,20108,406.461379)
Edge(11801,20108,207.042303)
Edge(11801,20108,117.994374)
Edge(11801,20108,168.968625)
Edge(11801,20108,33.903528)
Edge(11801,30301,263.108944)
Edge(11801,30301,303.074629)
Edge(11801,30301,47.579931)
Edge(11801,30301,59.250469)
Edge(11801,30301,183.456484)
Edge(11801,30301,181.032294)
Edge(11801,30301,175.482276)
Edge(11801,30301,56.762141)
Edge(11801,30301,441.950803)
Edge(11801,30301,201.014436)
Edge(11801,30301,265.668493)
Edge(11801,30301,275.089796)
Edge(11801,30301,107.768319)
Edge(11801,30301,83.128146)
Edge(11801,30301,22.1192)
Edge(11801,30301,26.170679)
Edge(11801,30301,422.395499)
Edge(11801,30301,242.53064)
Edge(11801,30301,68.738554)
Edge(11801,30301,81.748823)
Edge(11801,30301,108.420675)
Edge(11801,30301,91.274759)
Edge(11801,30301,97.545514)
Edge(11801,30301,26.25642)
Edge(11801,30301,158.804912)
Edge(11801,30301,195.57969)
Edge(20102,0,293.670163)
Edge(20102,0,692.037037)
Edge(20102,0,376.206227)
Edge(20102,0,366.492387)
Edge(20102,0,39.721151)
Edge(20102,0,180.883416)
Edge(20102,0,136.824194)
Edge(20102,0,203.937897)
Edge(20102,0,157.010355)
Edge(20102,0,360.481811)
Edge(20102,0,583.45984)
Edge(20102,0,757.451441)
Edge(20102,0,358.625817)
Edge(20102,0,483.515504)
Edge(20102,0,488.390671)
Edge(20102,0,706.108563)
Edge(20102,0,254.291707)
Edge(20102,0,175.883822)
Edge(20102,0,189.257197)
Edge(20102,0,303.695134)
Edge(20102,0,186.498451)
Edge(20102,0,519.465019)
Edge(20102,0,83.334218)
Edge(20102,0,220.727678)
Edge(20102,0,77.977233)
Edge(20102,0,79.573189)
Edge(20102,0,268.24325)
Edge(20102,0,20.950582)
Edge(20102,0,891.9897)
Edge(20102,0,956.477481)
Edge(20102,0,604.185255)
Edge(20102,0,97.240442)
Edge(20102,0,318.611333)
Edge(20102,0,251.007817)
Edge(20102,0,162.737545)
Edge(20102,0,499.829404)
Edge(20102,0,178.146694)
Edge(20102,0,175.601522)
Edge(20102,0,195.556)
Edge(20102,0,591.968427)
Edge(20102,0,195.558563)
Edge(20102,0,810.846737)
Edge(20102,0,208.265791)
Edge(20102,0,854.254144)
Edge(20102,0,399.005164)
Edge(20102,0,167.725106)
Edge(20102,0,158.806663)
Edge(20102,0,130.129737)
Edge(20102,0,57.510103)
Edge(20102,0,21.127477)
Edge(20102,0,1297.562661)
Edge(20102,0,477.164377)
Edge(20102,0,315.35224)
Edge(20102,0,476.844996)
Edge(20102,0,123.409988)
Edge(20102,0,60.927898)
Edge(20102,0,9.115375)
Edge(20102,0,78.55417)
Edge(20102,0,25.437101)
Edge(20102,0,101.896387)
Edge(20102,0,317.309697)
Edge(20102,0,27.998934)
Edge(20102,0,18.323754)
Edge(20104,30301,58.346121)
Edge(20104,30301,281.414345)
Edge(20104,30301,73.926648)
Edge(20104,30301,35.075776)
Edge(20104,30301,289.073311)
Edge(20104,30301,36.944768)
Edge(20104,30301,35.903941)
Edge(20104,30301,472.232231)
Edge(20104,30301,154.136595)
Edge(20104,30301,563.528987)
Edge(20104,30301,142.630478)
Edge(20104,30301,188.986708)
Edge(20104,30301,78.887901)
Edge(20104,30301,27.260604)
Edge(20104,30301,183.836235)
Edge(20104,30301,281.587693)
Edge(20104,30301,261.730715)
Edge(20104,30301,71.694316)
Edge(20109,40201,116.495348)
Edge(20109,40201,62.027941)
Edge(20109,40201,237.130334)
Edge(20109,40201,36.988812)
Edge(20110,0,96.516614)
Edge(20110,0,74.194753)
Edge(20110,0,18.766281)
Edge(20110,0,86.673226)
Edge(20110,0,68.317306)
Edge(20110,0,69.830521)
Edge(20110,0,183.543563)
Edge(20110,0,84.643464)
Edge(20110,0,202.244377)
Edge(20110,0,56.96165)
Edge(20110,0,111.98044)
Edge(20110,0,65.492583)
Edge(20110,0,35.202521)
Edge(20110,0,52.505044)
Edge(20110,0,99.590891)
Edge(20110,0,86.515528)
Edge(20110,0,139.351202)
Edge(20110,0,47.606873)
Edge(20110,0,114.109339)
Edge(20110,11801,78.723151)
Edge(20110,11801,143.016701)
Edge(20110,11801,66.019637)
Edge(20110,11801,76.821807)
Edge(20110,11801,141.399836)
Edge(20110,11801,77.47179)
Edge(20110,11801,34.091833)
Edge(20110,11801,93.112237)
Edge(20110,11801,100.552237)
Edge(20110,11801,10.999905)
Edge(20110,11801,75.949367)
Edge(20110,11801,54.86323)
Edge(20110,11801,82.536748)
Edge(20110,11801,55.230563)
Edge(20110,11801,42.8223)
Edge(20110,11801,11.313129)
Edge(20110,11801,199.475427)
Edge(20110,11801,177.926562)
Edge(20110,11801,49.962382)
Edge(20110,11801,32.730801)
Edge(20110,11801,92.916092)
Edge(20110,11801,83.310523)
Edge(20110,11801,59.721426)
Edge(20110,11801,50.341761)
Edge(20110,11801,51.966563)
Edge(20110,11801,48.193826)
Edge(20110,11801,6.94151)
Edge(20110,11801,35.458628)
Edge(20110,11801,34.090689)
Edge(20110,11801,422.398225)
Edge(20110,11801,27.148119)
Edge(20110,11801,132.964466)
Edge(20110,11801,126.40557)
Edge(20110,11801,169.762722)
Edge(20110,11801,130.826543)
Edge(20110,11801,82.33117)
Edge(20110,11801,110.718698)
Edge(20110,11801,33.194822)
Edge(20110,11801,130.784386)
Edge(20110,11801,12.510801)
Edge(20110,11801,14.926648)
Edge(20110,11801,36.457921)
Edge(20110,11801,56.57427)
Edge(20110,11801,24.429782)
Edge(20110,11801,21.0133)
Edge(20110,11801,12.1656)
Edge(20110,11801,97.479007)
Edge(20110,11801,88.721201)
Edge(20110,11801,94.41519)
Edge(20110,11801,88.809283)
Edge(20112,0,18.764688)
Edge(20112,0,558.463625)
Edge(20112,0,130.875795)
Edge(20112,0,69.242627)
Edge(20112,0,354.555231)
Edge(20112,0,309.309541)
Edge(20112,0,115.686565)
Edge(20112,0,199.687884)
Edge(20112,0,111.668507)
Edge(20112,0,24.219874)
Edge(20112,0,55.450741)
Edge(20112,0,423.588634)
Edge(20112,0,491.34778)
Edge(20112,0,344.839543)
Edge(20112,0,848.404821)
Edge(20201,0,2303.481816)
Edge(20602,0,1864.738868)
Edge(20602,0,3290.821985)
Edge(20602,0,1931.579592)
Edge(20602,0,2138.353677)
Edge(20602,0,130.882648)
Edge(20602,0,243.836286)
Edge(20602,0,252.566847)
Edge(20602,0,1341.480843)
Edge(20602,0,816.82062)
Edge(20602,0,1286.879228)
Edge(20602,0,125.164692)
Edge(20602,0,1536.567157)
Edge(20602,0,166.187085)
Edge(20602,0,168.635802)
Edge(20602,0,64.402272)
Edge(20602,0,128.866552)
Edge(20602,0,96.488379)
Edge(20602,0,236.993101)
Edge(20602,0,21.128207)
Edge(20602,0,168.776656)
Edge(20602,0,790.917353)
Edge(20602,0,99.529201)
Edge(20602,0,27.629353)
Edge(20602,0,355.815255)
Edge(20602,0,99.529284)
Edge(20602,0,36.213387)
Edge(20602,0,103.8596)
Edge(20602,0,95.142854)
Edge(20602,0,99.565836)
Edge(20602,0,103.965794)
Edge(20602,0,90.719983)
Edge(20602,0,95.27521)
Edge(20602,0,104.058051)
Edge(20602,0,95.218511)
Edge(20602,0,99.692317)
Edge(20602,0,185.862998)
Edge(20602,0,609.374669)
Edge(20602,0,92.905684)
Edge(20605,0,180.108112)
Edge(20605,0,736.600019)
Edge(20605,0,188.47383)
Edge(20605,0,1870.216875)
Edge(20605,0,346.106834)
Edge(20904,0,779.479855)
Edge(20904,0,173.61663)
Edge(20904,0,191.818189)
Edge(20904,0,106.691363)
Edge(20904,0,1146.976251)
Edge(20904,0,666.89154)
Edge(20904,0,923.819894)
Edge(20904,0,132.784279)
Edge(20904,0,260.734198)
Edge(20904,0,1163.625106)
Edge(20904,0,302.085238)
Edge(20904,0,668.453688)
Edge(20904,0,161.937972)
Edge(20904,0,841.441391)
Edge(20904,0,121.635837)
Edge(20904,0,66.393754)
Edge(20904,0,77.555802)
Edge(20904,0,73.662715)
Edge(20904,0,602.070667)
Edge(20904,0,172.036413)
Edge(20904,0,105.495723)
Edge(20904,0,127.533865)
Edge(20904,0,656.337057)
Edge(20904,0,150.106157)
Edge(20904,0,26.526253)
Edge(20904,0,96.617525)
Edge(20904,0,101.292862)
Edge(20904,0,498.701336)
Edge(20904,0,215.938257)
Edge(20904,0,1608.713453)
Edge(20904,0,196.25323)
Edge(20904,0,199.261299)
Edge(20904,0,269.407708)
Edge(20904,0,276.404564)
Edge(20904,0,247.494602)
Edge(20904,0,356.984144)
Edge(20904,0,106.090815)
Edge(20904,0,33.230433)
Edge(20904,0,33.832352)
Edge(20904,0,554.344628)
Edge(20904,0,195.032265)
Edge(20904,0,1812.715998)
Edge(20904,0,920.272228)
Edge(20904,0,1409.400103)
Edge(20904,0,80.483276)
Edge(20904,0,23.112181)
Edge(20904,0,97.279507)
Edge(20904,0,104.953245)
Edge(20904,0,628.137599)
Edge(20904,0,1057.896224)
Edge(20904,0,309.688039)
Edge(20904,0,1332.013283)
Edge(20904,0,733.126466)
Edge(20904,0,346.217811)
Edge(20904,0,486.716952)
Edge(20904,0,99.148094)
Edge(20904,0,80.380231)
Edge(20904,0,302.604655)
Edge(20904,0,443.85424)
Edge(20904,0,254.330308)
Edge(20904,0,520.920342)
Edge(20904,0,739.780488)
Edge(20904,0,47.125407)
Edge(20904,0,57.267097)
Edge(20904,0,544.792237)
Edge(20904,0,181.215954)
Edge(20904,0,1344.148976)
Edge(20904,0,101.046895)
Edge(20904,0,247.066221)
Edge(20904,0,289.891024)
Edge(20904,0,156.653071)
Edge(20904,0,59.94741)
Edge(20904,0,192.811807)
Edge(20904,0,42.239715)
Edge(20904,0,194.447467)
Edge(20904,0,403.578418)
Edge(20904,0,52.777272)
Edge(20904,0,50.326986)
Edge(20904,0,52.087412)
Edge(20904,0,56.428206)
Edge(20904,0,405.341933)
Edge(20904,0,557.517865)
Edge(20904,0,214.904198)
Edge(20904,0,606.468754)
Edge(20904,0,751.754739)
Edge(20904,0,1003.16972)
Edge(20904,0,27.358673)
Edge(20904,0,2294.015938)
Edge(20904,0,865.953589)
Edge(20904,0,238.727666)
Edge(20904,0,930.022174)
Edge(20904,0,44.715335)
Edge(20904,0,198.179905)
Edge(20904,0,52.211754)
Edge(20904,0,253.507196)
Edge(20904,0,241.067933)
Edge(20904,0,837.693923)
Edge(20904,0,276.818616)
Edge(20904,0,1608.402775)
Edge(20904,0,1115.03859)
Edge(20904,0,1032.197759)
Edge(20904,0,621.509464)
Edge(20904,0,692.147145)
Edge(20904,0,104.877032)
Edge(20904,0,106.735134)
Edge(20904,0,618.709542)
Edge(20904,0,1961.831701)
Edge(20904,0,131.372026)
Edge(20904,0,1387.980622)
Edge(20904,0,1212.781354)
Edge(20904,0,2046.324389)
Edge(20904,0,2429.148558)
Edge(20904,0,790.642028)
Edge(20904,0,1225.445575)
Edge(20904,0,172.519197)
Edge(20904,0,739.233042)
Edge(20904,0,632.343351)
Edge(20904,0,1770.739949)
Edge(20904,0,2014.280923)
Edge(20904,0,444.27977)
Edge(20904,0,2331.301648)
Edge(20904,0,1469.550575)
Edge(21002,0,2704.168866)
Edge(21002,0,2048.410223)
Edge(21002,0,226.504561)
Edge(21002,0,2307.540165)
Edge(21002,0,758.138911)
Edge(21002,0,1832.307832)
Edge(21002,0,2043.089861)
Edge(21002,0,850.155071)
Edge(21002,0,399.05881)
Edge(21002,0,202.812826)
Edge(21002,0,170.287)
Edge(21002,0,194.978305)
Edge(21002,0,1020.062961)
Edge(21002,0,257.531676)
Edge(21002,0,101.96657)
Edge(21002,0,87.668376)
Edge(21002,0,2059.456422)
Edge(21002,0,286.021288)
Edge(21002,0,1716.899592)
Edge(21004,0,2038.512121)
Edge(21004,0,273.343413)
Edge(21004,0,155.129924)
Edge(21004,0,225.753374)
Edge(21004,0,77.844504)
Edge(21004,0,182.190189)
Edge(21004,0,88.736639)
Edge(21004,0,487.863108)
Edge(21004,0,2113.351752)
Edge(21004,0,944.886003)
Edge(21004,0,2093.766194)
Edge(21004,0,240.245098)
Edge(21004,0,295.473004)
Edge(21004,0,124.125756)
Edge(21004,0,179.195151)
Edge(21004,0,100.797923)
Edge(21004,0,68.47441)
Edge(21004,0,133.694509)
Edge(21004,0,129.425535)
Edge(21004,0,579.508322)
Edge(21004,0,49.447159)
Edge(21004,0,901.617639)
Edge(21004,0,1552.772149)
Edge(21004,0,110.150507)
Edge(21004,0,99.925343)
Edge(21004,0,98.363945)
Edge(21004,0,98.070998)
Edge(21004,0,100.266638)
Edge(21004,0,117.287193)
Edge(21004,0,35.380391)
Edge(21004,0,1791.889205)
Edge(21004,0,560.90676)
Edge(21004,0,991.944783)
Edge(21004,0,739.060786)
Edge(21004,0,228.888449)
Edge(21004,0,33.468249)
Edge(21004,0,100.938511)
Edge(21004,0,90.545448)
Edge(21004,0,95.626174)
Edge(21004,0,100.027676)
Edge(21004,0,584.401053)
Edge(21004,0,189.609353)
Edge(21004,0,103.858259)
Edge(21004,0,65.709014)
Edge(21004,0,94.751468)
Edge(21004,0,103.441844)
Edge(21004,0,46.918823)
Edge(21004,0,307.876274)
Edge(21004,0,66.919859)
Edge(21004,0,243.870047)
Edge(21004,0,1003.951216)
Edge(21004,0,677.750107)
Edge(21004,0,194.298345)
Edge(21004,0,269.234943)
Edge(21004,0,107.84049)
Edge(21004,0,126.560053)
Edge(21004,0,75.495218)
Edge(21004,0,290.558588)
Edge(21004,0,299.970836)
Edge(21006,0,93.07552)
Edge(21006,0,518.86022)
Edge(21006,0,157.403843)
Edge(21006,0,105.157769)
Edge(21006,0,81.138978)
Edge(21006,0,1881.109396)
Edge(21006,0,1149.181646)
Edge(21006,0,1655.081346)
Edge(21006,0,629.742805)
Edge(21006,0,1250.746557)
Edge(21006,0,127.015147)
Edge(21006,0,95.161082)
Edge(21006,0,105.41822)
Edge(21006,0,94.133439)
Edge(21006,0,99.287867)
Edge(21006,0,185.873962)
Edge(21006,0,96.190195)
Edge(21006,0,541.206285)
Edge(21006,0,501.262785)
Edge(21006,0,94.66109)
Edge(21006,0,2236.69988)
Edge(21006,0,2090.105924)
Edge(21006,0,488.997191)
Edge(21006,0,93.686236)
Edge(21006,0,2518.287884)
Edge(21006,0,2045.995244)
Edge(21006,0,2183.907468)
Edge(21006,0,2737.708928)
Edge(21006,0,1994.6489)
Edge(21006,0,2472.739859)
Edge(21006,0,2426.582069)
Edge(21006,0,2161.030427)
Edge(21006,0,4863.664126)
Edge(21006,0,2141.215708)
Edge(21006,0,2083.862579)
Edge(21006,0,2283.623877)
Edge(21006,0,2272.51801)
Edge(21006,0,2430.485275)
Edge(21012,20104,2809.683805)
Edge(21012,20104,304.936861)
Edge(21012,20104,178.682876)
Edge(21012,20104,2696.677957)
Edge(21012,20104,1401.826873)
Edge(21012,20104,105.44768)
Edge(21012,20104,540.60296)
Edge(21012,20104,463.954742)
Edge(21012,20104,862.901442)
Edge(21012,20104,1925.843443)
Edge(21202,20306,3052.751123)
Edge(21202,20306,2356.72451)
Edge(21202,20306,2376.762032)
Edge(21202,20306,2814.635309)
Edge(21202,20306,1459.552947)
Edge(21401,0,2112.331502)
Edge(21401,0,37.519066)
Edge(21401,0,1996.22156)
Edge(21401,0,2406.243999)
Edge(21401,0,608.272625)
Edge(21401,0,147.289743)
Edge(21401,0,73.412112)
Edge(21401,0,2141.0222)
Edge(21401,0,1908.181903)
Edge(21401,0,295.441413)
Edge(21401,0,366.041009)
Edge(21401,0,1174.807273)
Edge(21401,0,2021.279939)
Edge(21401,0,213.374753)
Edge(21401,0,284.825724)
Edge(30705,0,2598.544188)
Edge(30705,0,297.389592)
Edge(30705,0,2717.70468)
Edge(30705,0,3177.290083)
Edge(30705,0,2233.974571)
Edge(30705,0,1960.01055)
Edge(30705,0,2363.06941)
Edge(30705,0,26.118298)
Edge(40101,0,136.46828)
Edge(40101,0,56.29431)
Edge(40101,0,293.393422)
Edge(40101,0,178.385205)
Edge(40101,0,216.243064)
Edge(40101,0,185.20903)
Edge(40101,0,79.113882)
Edge(40101,0,128.375312)
Edge(40101,0,95.886329)
Edge(40101,0,88.276944)
Edge(40101,0,740.932474)
Edge(40101,0,233.812787)
Edge(40101,0,68.913766)
Edge(40101,0,23.793987)
Edge(40101,0,211.67027)
Edge(40101,0,135.617046)
Edge(40101,0,90.447885)
Edge(40101,0,235.646568)
Edge(40101,0,99.441359)
Edge(40101,0,430.327344)
Edge(40101,0,130.262293)
Edge(40101,0,374.560633)
Edge(40101,0,85.085825)
Edge(40101,0,12.567622)
Edge(40101,0,128.822813)
Edge(40101,0,192.533019)
Edge(40101,0,120.996645)
Edge(40101,0,255.044281)
Edge(40101,0,366.998715)
Edge(40101,0,107.123784)
Edge(40101,0,2911.974187)
Edge(40101,0,3124.268262)
Edge(40101,0,400.036038)
Edge(40101,0,57.165979)
Edge(40101,0,772.824457)
Edge(40101,0,1974.99903)
Edge(40101,0,293.959103)
Edge(40101,0,334.985671)
Edge(40101,0,3133.722134)
Edge(40101,0,1655.776382)
Edge(40101,0,261.607325)
Edge(40101,0,74.849312)
Edge(40101,0,132.838096)
Edge(40101,0,192.54044)
Edge(40101,0,16.376831)
Edge(40101,0,38.168231)
Edge(40101,0,76.769761)
Edge(40101,0,157.870212)
Edge(40101,0,52.16517)
Edge(40101,0,174.221053)
Edge(40101,0,54.192504)
Edge(40101,0,66.358205)
Edge(40101,0,64.146205)
Edge(40101,0,136.567732)
Edge(40101,0,333.054739)
Edge(40101,0,235.282185)
Edge(40101,0,25.234525)
Edge(40101,0,87.885221)
Edge(40101,0,49.584363)
Edge(40101,0,133.191624)
Edge(40101,0,45.443116)
Edge(40101,0,45.443131)
Edge(40101,0,153.541732)
Edge(40101,0,99.414432)
Edge(40101,0,68.90331)
Edge(40101,0,115.590878)
Edge(40101,0,99.06206)
Edge(40101,0,93.063015)
Edge(40101,0,87.371605)
Edge(40101,0,51.300662)
Edge(40101,0,87.371505)
Edge(40101,0,92.901506)
Edge(40101,0,107.301434)
Edge(40101,0,89.690715)
Edge(40101,0,95.138698)
Edge(40101,0,290.941031)
Edge(40101,0,144.17125)
Edge(40101,0,72.085578)
Edge(40101,0,107.853321)
Edge(40101,0,106.522556)
Edge(40101,0,30.369858)
Edge(40101,0,108.88359)
Edge(40101,0,113.934845)
Edge(40101,0,85.974029)
Edge(40101,0,50.854781)
Edge(40101,0,88.382382)
Edge(40101,0,127.187694)
Edge(40101,0,75.896068)
Edge(40101,0,90.322432)
Edge(40101,0,95.119731)
Edge(40101,0,85.159606)
Edge(40101,0,97.350019)
Edge(40101,0,89.751)
Edge(40101,0,87.433414)
Edge(40101,0,95.138698)
Edge(40101,0,3299.472041)
Edge(40101,0,1889.975385)
Edge(40101,0,157.043653)
Edge(40101,0,99.216524)
Edge(40101,0,133.793472)
Edge(40101,0,71.576195)
Edge(40101,0,17.843288)
Edge(40101,0,39.016958)
Edge(40101,0,42.952472)
Edge(40101,0,23.209621)
Edge(40101,0,94.781903)
Edge(40101,0,126.389311)
Edge(40101,0,388.356897)
Edge(40101,0,80.224927)
Edge(40101,0,127.100853)
Edge(40101,0,197.783706)
Edge(40101,0,102.291057)
Edge(40101,0,373.784012)
Edge(40101,0,304.203126)
Edge(40101,0,136.204357)
Edge(40101,0,1741.632919)
Edge(40101,0,77.004268)
Edge(40101,0,1388.143281)
Edge(40101,0,308.299726)
Edge(40101,0,78.024831)
Edge(40101,0,79.975845)
Edge(40101,0,65.248903)
Edge(40101,0,765.181739)
Edge(40101,0,712.748354)
Edge(40101,0,394.130256)
Edge(40101,0,545.986876)
Edge(40101,0,492.620743)
Edge(40101,0,240.47639)
Edge(40101,0,303.120478)
Edge(40101,0,1042.474621)
Edge(40101,0,2086.121704)
Edge(40101,0,2642.89208)
Edge(40101,0,2448.488398)
Edge(40101,0,647.167203)
Edge(40101,0,212.219582)
Edge(40101,0,406.843168)
Edge(40101,0,858.283248)
Edge(40101,51004,87.177404)
Edge(40101,51004,50.326959)
Edge(40101,51004,93.24318)
Edge(40101,51004,123.027662)
Edge(40101,51004,158.332906)
Edge(40101,51004,197.776765)
Edge(40101,51004,134.116372)
Edge(40101,51004,116.209493)
Edge(40101,51004,68.886792)
Edge(40101,51004,183.972178)
Edge(40101,51004,56.084939)
Edge(40101,51004,74.451348)
Edge(40101,51004,55.953925)
Edge(40101,51004,58.791551)
Edge(40101,51004,61.749151)
Edge(40101,51004,16.592214)
Edge(40101,51004,49.936253)
Edge(40101,51004,103.920101)
Edge(40101,51004,187.810112)
Edge(40101,51004,51.771265)
Edge(40101,51004,201.888576)
Edge(40101,51004,81.228186)
Edge(40101,51004,217.749891)
Edge(40101,51004,65.571613)
Edge(40101,51004,68.404242)
Edge(40101,51004,35.412195)
Edge(40101,51004,173.011432)
Edge(40101,51004,80.282394)
Edge(40101,51004,252.483788)
Edge(40101,51004,45.405052)
Edge(40101,51004,128.550072)
Edge(40101,51004,365.806213)
Edge(40101,51004,474.519119)
Edge(40101,51004,388.465185)
Edge(40101,51004,197.43369)
Edge(40101,51004,283.355346)
Edge(40101,51004,850.807572)
Edge(40101,51004,56.302213)
Edge(40101,51004,94.279302)
Edge(40101,51004,59.363698)
Edge(40101,51004,68.408271)
Edge(40101,51004,17.028723)
Edge(40101,51004,165.896927)
Edge(40101,51004,191.359554)
Edge(40101,51004,73.091052)
Edge(40101,51004,132.900567)
Edge(40101,51004,100.024954)
Edge(40101,51004,146.371296)
Edge(40101,51004,42.34447)
Edge(40101,51004,285.783838)
Edge(40101,51004,80.398134)
Edge(40101,51004,29.264126)
Edge(40101,51004,527.131926)
Edge(40101,51004,85.762826)
Edge(40101,51004,98.883398)
Edge(40101,51004,259.035503)
Edge(40101,51004,104.112502)
Edge(40101,51004,59.10609)
Edge(40101,51004,349.306666)
Edge(40101,51004,54.986733)
Edge(40101,51004,96.847527)
Edge(40101,51004,35.357073)
Edge(40101,51004,442.960096)
Edge(40101,51004,78.41333)
Edge(40101,51004,81.120101)
Edge(40101,51004,546.877889)
Edge(40101,51004,15.810583)
Edge(40101,51004,42.086743)
Edge(40101,51004,311.251112)
Edge(40101,51004,233.629374)
Edge(40101,51004,728.976153)
Edge(40101,51004,22.254814)
Edge(40103,0,1802.217323)
Edge(40103,0,123.035385)
Edge(40103,0,803.704306)
Edge(40103,0,62.284695)
Edge(40103,0,2106.698532)
Edge(40103,0,1057.183889)
Edge(40103,0,1841.3047)
Edge(40201,0,1503.969487)
Edge(40201,0,343.683286)
Edge(40201,0,353.820975)
Edge(40201,0,602.768326)
Edge(40201,0,593.466418)
Edge(40201,0,613.220618)
Edge(40201,0,124.740317)
Edge(40201,0,295.954144)
Edge(40201,0,92.386314)
Edge(40201,0,97.719894)
Edge(40201,0,83.652794)
Edge(40201,0,61.457347)
Edge(40201,0,829.191672)
Edge(40201,0,2161.876444)
Edge(40201,0,127.725258)
Edge(40201,0,2361.596392)
Edge(40201,0,524.438985)
Edge(40201,0,251.212305)
Edge(40201,0,492.672162)
Edge(40201,0,1059.387392)
Edge(40201,0,1586.074799)
Edge(40301,0,539.43391)
Edge(40301,0,138.362417)
Edge(40301,0,50.815341)
Edge(40301,0,69.762976)
Edge(40301,0,162.312136)
Edge(40301,0,146.831487)
Edge(40301,0,96.859977)
Edge(40301,0,357.810955)
Edge(40301,0,249.612765)
Edge(40301,0,93.72003)
Edge(40301,0,113.628409)
Edge(40301,0,18.9288)
Edge(40301,0,499.281135)
Edge(40301,0,339.189516)
Edge(40301,0,68.764318)
Edge(40301,0,25.310977)
Edge(40301,0,164.386466)
Edge(40301,0,93.791403)
Edge(40301,0,99.419061)
Edge(40301,0,104.528775)
Edge(40301,0,91.326079)
Edge(40301,0,97.975811)
Edge(40301,0,101.354471)
Edge(40301,20108,45.39772)
Edge(40301,20108,52.543914)
Edge(40301,20108,40.979539)
Edge(40301,20108,58.78017)
Edge(40301,20108,98.730017)
Edge(40301,20108,258.014442)
Edge(40301,20108,97.547339)
Edge(40301,20108,109.921974)
Edge(40301,20108,214.731127)
Edge(40301,20108,229.84318)
Edge(40301,20108,33.251381)
Edge(40301,20108,332.587907)
Edge(40301,20108,50.980669)
Edge(40301,20108,66.683273)
Edge(40301,20108,168.889687)
Edge(40301,20108,265.309062)
Edge(40301,20108,329.295452)
Edge(40301,20108,96.817405)
Edge(40301,20108,740.715388)
Edge(40301,20108,33.348472)
Edge(40301,20108,58.685987)
Edge(40301,20108,40.620536)
Edge(40301,20108,246.135449)
Edge(40301,20108,237.955454)
Edge(40301,20108,74.748141)
Edge(40301,20108,499.182802)
Edge(40301,20108,45.812898)
Edge(40301,20108,81.555179)
Edge(40301,20108,308.076892)
Edge(40301,20108,96.707632)
Edge(40301,20108,99.714467)
Edge(40301,20108,46.259061)
Edge(40301,20108,195.090141)
Edge(40301,20108,350.433653)
Edge(40301,20108,12.1656)
Edge(40301,20108,86.749688)
Edge(40301,20108,8.8478)
Edge(40301,20108,38.956439)
Edge(40301,20108,68.710015)
Edge(40301,20108,94.811015)
Edge(40301,20108,212.198424)
Edge(40301,20108,97.600151)
Edge(40301,20108,116.881416)
Edge(40301,20108,252.848455)
Edge(40301,20108,235.457653)
Edge(40301,20108,130.321707)
Edge(40301,20108,358.792265)
Edge(40301,20108,187.803184)
Edge(40301,20108,575.204376)
Edge(40301,20108,178.349552)
Edge(40301,20108,218.349637)
Edge(40301,20108,218.500055)
Edge(40301,20108,97.824036)
Edge(40301,20108,100.738638)
Edge(40301,20108,94.237201)
Edge(40301,20108,89.911463)
Edge(40301,20108,228.27483)
Edge(40301,20108,97.423991)
Edge(40301,20108,101.343442)
Edge(40301,20108,146.906331)
Edge(40301,20108,193.514077)
Edge(40301,20108,553.152496)
Edge(40301,20108,259.014371)
Edge(40301,20108,161.522034)
Edge(40301,20108,224.807877)
Edge(40301,20108,49.529547)
Edge(40301,20108,66.524288)
Edge(40301,20108,89.697066)
Edge(40301,20108,95.28929)
Edge(40301,20108,822.19377)
Edge(40301,20108,103.961001)
Edge(40301,20108,57.510301)
Edge(40301,20108,111.702701)
Edge(40301,20108,77.417801)
Edge(40301,20108,167.015543)
Edge(40301,20108,382.629764)
Edge(40301,20108,155.816779)
Edge(40301,20108,73.113923)
Edge(40301,20108,56.554068)
Edge(40301,20108,696.483125)
Edge(40301,20108,411.30381)
Edge(40301,20108,87.09847)
Edge(40301,20108,225.414389)
Edge(40301,20108,121.547975)
Edge(40301,20108,28.985594)
Edge(40304,0,50.319305)
Edge(40304,0,741.725448)
Edge(40304,0,985.353429)
Edge(40304,0,295.7923)
Edge(40304,0,93.455221)
Edge(40304,0,423.329757)
Edge(40304,0,98.719083)
Edge(40304,0,556.681705)
Edge(40304,0,414.826121)
Edge(40304,0,201.666595)
Edge(40304,0,51.838838)
Edge(40304,0,304.311701)
Edge(40304,0,281.449925)
Edge(40304,0,658.445378)
Edge(40304,0,335.342697)
Edge(40304,0,174.305755)
Edge(40304,0,52.94049)
Edge(40304,0,511.620945)
Edge(40304,0,297.846366)
Edge(40304,0,502.285708)
Edge(40401,40201,80.802941)
Edge(40401,40201,109.589932)
Edge(40401,40201,117.643915)
Edge(40401,40201,166.336729)
Edge(40401,40201,136.470626)
Edge(40401,40201,239.794928)
Edge(40401,40201,38.946193)
Edge(40401,40201,276.063602)
Edge(40401,40201,162.876536)
Edge(40502,21003,193.229896)
Edge(40502,21003,420.262806)
Edge(40502,21003,336.173172)
Edge(40502,21003,78.957533)
Edge(40502,21003,466.415754)
Edge(40502,21003,748.314678)
Edge(40502,21003,234.429671)
Edge(40502,21003,31.101607)
Edge(40502,21003,85.812432)
Edge(40502,21003,179.263249)
Edge(40502,21003,421.116564)
Edge(40502,21003,84.760395)
Edge(40502,21003,36.508368)
Edge(40502,21003,271.336483)
Edge(40502,21003,17.794639)
Edge(40502,21003,92.574443)
Edge(40502,21003,145.085137)
Edge(40502,21003,68.648504)
Edge(40502,21003,125.540934)
Edge(40502,21003,251.132534)
Edge(40502,21003,22.370592)
Edge(40502,21003,271.139578)
Edge(40502,21003,269.411394)
Edge(40502,21003,175.345115)
Edge(40502,21003,362.550103)
Edge(40502,21003,236.275088)
Edge(40502,21003,36.740411)
Edge(40502,21003,116.842055)
Edge(40502,21003,150.800831)
Edge(50904,0,104.790124)
Edge(50904,0,91.22454)
Edge(50904,0,39.814902)
Edge(50904,0,133.752919)
Edge(50904,0,153.335023)
Edge(50904,0,21.013401)
Edge(50904,0,99.537204)
Edge(50904,0,194.335176)
Edge(50904,0,70.781903)
Edge(50904,0,77.697561)
Edge(50904,0,93.104795)
Edge(50904,0,51.980502)
Edge(50904,0,120.729883)
Edge(50904,0,121.735519)
Edge(60102,0,102.112112)
Edge(60102,0,43.742868)
Edge(60102,0,228.10044)
Edge(60102,0,571.57348)
Edge(60102,0,24.723428)
Edge(60102,0,70.37011)
Edge(60102,0,46.795792)
Edge(60102,0,110.774773)
Edge(60102,0,41.269076)
Edge(60102,0,49.833709)
Edge(60102,0,192.368189)
Edge(60102,0,133.1492)
Edge(60102,0,321.799279)
Edge(60102,0,324.139564)
Edge(60102,0,718.827434)
Edge(60102,0,371.622506)
Edge(60102,0,52.483062)
Edge(60102,0,79.16052)
Edge(60102,0,357.871436)
Edge(60102,0,21.093949)
Edge(60102,0,469.83136)
Edge(60102,0,50.33153)
Edge(60102,0,729.042154)
Edge(60102,0,71.410352)
Edge(60102,0,116.310783)
Edge(60102,0,57.397391)
Edge(60102,0,14.634194)
Edge(60102,0,259.627449)
Edge(60102,0,23.445389)
Edge(60102,0,116.28821)
Edge(60102,0,40.990461)
Edge(60102,0,94.805127)
Edge(60102,0,201.011038)
Edge(60102,0,86.755555)
Edge(60102,0,343.74738)
Edge(60601,0,232.626104)
Edge(60601,0,2291.516115)
Edge(60601,0,151.660026)
Edge(60601,0,575.19576)
Edge(60601,0,130.418055)
Edge(60601,0,52.129334)
Edge(60601,0,122.651053)
Edge(60601,0,486.35497)
Edge(60601,0,168.123071)
Edge(60601,0,112.276899)
Edge(60601,0,29.027779)
Edge(60601,0,222.253026)
Edge(60601,0,56.597643)
Edge(60601,0,1210.085938)
Edge(60601,0,488.911748)
