Edge(0,10901,297.55823)
Edge(0,10901,57.735424)
Edge(0,10901,62.824284)
Edge(0,10901,53.362809)
Edge(0,10901,136.543436)
Edge(0,10901,232.403753)
Edge(0,10901,92.608092)
Edge(0,10901,531.560068)
Edge(0,10901,184.811463)
Edge(0,10901,88.20014)
Edge(0,10901,93.217973)
Edge(0,10901,48.009562)
Edge(0,10901,58.984424)
Edge(0,10901,173.114193)
Edge(0,10901,28.755205)
Edge(0,10901,90.011965)
Edge(0,10901,165.145983)
Edge(0,10901,76.408404)
Edge(0,10901,258.654651)
Edge(0,10901,117.763003)
Edge(0,10901,221.42266)
Edge(0,10901,236.65042)
Edge(0,10901,85.610231)
Edge(0,10901,68.383451)
Edge(0,10901,62.62419)
Edge(0,10901,121.257575)
Edge(0,10901,100.025192)
Edge(0,10901,91.349876)
Edge(0,10901,83.208052)
Edge(0,10901,112.137851)
Edge(0,10901,99.922944)
Edge(0,10901,68.306281)
Edge(0,10901,62.655807)
Edge(0,10901,75.927236)
Edge(0,10901,70.515013)
Edge(0,10901,54.96681)
Edge(0,10901,192.261453)
Edge(0,10901,114.079434)
Edge(0,10901,181.127181)
Edge(0,10901,92.122946)
Edge(0,10901,49.836133)
Edge(0,10901,84.874107)
Edge(0,10901,159.337996)
Edge(0,10901,101.200056)
Edge(0,10901,82.815859)
Edge(0,10901,53.899469)
Edge(0,10901,42.538635)
Edge(0,10901,206.720829)
Edge(0,10901,88.105994)
Edge(0,10901,145.763285)
Edge(0,10901,47.577387)
Edge(0,10901,33.742347)
Edge(0,10901,58.24632)
Edge(0,10901,46.563964)
Edge(0,10901,9.875134)
Edge(0,10901,11.931359)
Edge(0,10901,421.068331)
Edge(0,10901,253.361942)
Edge(0,10901,100.558532)
Edge(0,10901,258.376267)
Edge(0,10901,51.7697)
Edge(0,10901,43.078318)
Edge(0,10901,189.338395)
Edge(0,20101,154.926175)
Edge(0,20101,252.116958)
Edge(0,20101,350.290973)
Edge(0,20101,58.350904)
Edge(0,20101,117.427109)
Edge(0,20101,256.343646)
Edge(0,20101,146.412489)
Edge(0,20101,146.17299)
Edge(0,20101,314.7076)
Edge(0,20101,612.767589)
Edge(0,20101,106.975609)
Edge(0,20101,145.93535)
Edge(0,20101,80.923126)
Edge(0,20101,40.384124)
Edge(0,20101,58.560732)
Edge(0,20101,925.792118)
Edge(0,20113,3750.091891)
Edge(0,20113,191.577863)
Edge(0,20113,1122.566996)
Edge(0,20113,334.257673)
Edge(0,20113,52.053534)
Edge(0,20113,405.002997)
Edge(0,20113,590.206672)
Edge(0,20113,163.306873)
Edge(0,20113,84.606669)
Edge(0,20113,105.257949)
Edge(0,20113,205.248242)
Edge(0,20113,225.907853)
Edge(0,20113,187.429904)
Edge(0,20113,307.104546)
Edge(0,20113,110.487909)
Edge(0,20113,64.012022)
Edge(0,20113,49.740442)
Edge(0,20113,156.14843)
Edge(0,20113,2080.789946)
Edge(0,20113,1890.677924)
Edge(0,20201,83.671724)
Edge(0,20201,96.178095)
Edge(0,20201,98.36614)
Edge(0,20201,99.926298)
Edge(0,20201,91.49051)
Edge(0,20201,97.271987)
Edge(0,20201,101.650349)
Edge(0,20201,95.520131)
Edge(0,20201,100.028317)
Edge(0,20201,95.87784)
Edge(0,20201,100.142421)
Edge(0,20201,548.382932)
Edge(0,20201,102.041655)
Edge(0,20301,71.324314)
Edge(0,20301,101.094706)
Edge(0,20301,94.952958)
Edge(0,20301,96.11762)
Edge(0,20301,1566.953128)
Edge(0,20301,80.705492)
Edge(0,20301,97.080142)
Edge(0,20301,93.368274)
Edge(0,20301,96.117111)
Edge(0,20301,101.929991)
Edge(0,20301,95.754032)
Edge(0,20301,98.715801)
Edge(0,20301,96.821606)
Edge(0,20301,98.411691)
Edge(0,20301,96.821836)
Edge(0,20301,100.858755)
Edge(0,20301,100.647956)
Edge(0,20301,32.501309)
Edge(0,20301,95.431023)
Edge(0,20301,969.234026)
Edge(0,20301,719.594966)
Edge(0,20301,189.660243)
Edge(0,20301,270.899318)
Edge(0,20301,206.571323)
Edge(0,20301,294.08397)
Edge(0,20301,138.376467)
Edge(0,20301,835.809007)
Edge(0,20301,807.530413)
Edge(0,20301,72.667502)
Edge(0,20301,678.390469)
Edge(0,20301,1891.097641)
Edge(0,20301,589.505953)
Edge(0,20301,167.339727)
Edge(0,20301,722.950757)
Edge(0,20301,160.392144)
Edge(0,20301,177.558463)
Edge(0,20301,144.753134)
Edge(0,20301,55.5407)
Edge(0,20301,47.531185)
Edge(0,20301,475.508321)
Edge(0,20301,218.475616)
Edge(0,20301,65.272274)
Edge(0,20301,248.278592)
Edge(0,20301,424.086895)
Edge(0,20301,299.368233)
Edge(0,20301,430.121047)
Edge(0,20301,97.367494)
Edge(0,20301,96.717615)
Edge(0,20301,91.501686)
Edge(0,20301,96.717597)
Edge(0,20301,92.58477)
Edge(0,20301,91.825796)
Edge(0,20301,95.837171)
Edge(0,20301,94.752552)
Edge(0,20301,11.538237)
Edge(0,20301,84.356034)
Edge(0,20301,92.811566)
Edge(0,20301,204.355575)
Edge(0,20301,187.057447)
Edge(0,20301,94.346028)
Edge(0,20301,97.138905)
Edge(0,20301,93.668453)
Edge(0,20301,96.524899)
Edge(0,20301,183.172458)
Edge(0,20301,143.627843)
Edge(0,20301,38.313087)
Edge(0,20301,63.149171)
Edge(0,20301,59.250851)
Edge(0,20301,93.190156)
Edge(0,20301,171.977715)
Edge(0,20301,56.594026)
Edge(0,20301,45.2349)
Edge(0,20301,355.762293)
Edge(0,20301,1095.029749)
Edge(0,20301,2864.81415)
Edge(0,20301,268.140498)
Edge(0,20301,180.327631)
Edge(0,20301,8.896959)
Edge(0,20301,53.361361)
Edge(0,20301,42.055577)
Edge(0,20301,367.999046)
Edge(0,20301,477.518655)
Edge(0,20301,60.065693)
Edge(0,20301,26.469786)
Edge(0,20301,432.664548)
Edge(0,20301,15.031244)
Edge(0,20301,871.289476)
Edge(0,20301,1811.640766)
Edge(0,20301,391.046234)
Edge(0,20301,312.557398)
Edge(0,20301,1377.840365)
Edge(0,20301,360.535888)
Edge(0,20301,61.78286)
Edge(0,20501,90.341123)
Edge(0,20501,197.868516)
Edge(0,20501,90.798073)
Edge(0,20501,46.988971)
Edge(0,20501,59.446208)
Edge(0,20501,43.80771)
Edge(0,20501,217.969829)
Edge(0,20501,121.948009)
Edge(0,20501,33.669461)
Edge(0,20501,179.242422)
Edge(0,20501,24.119388)
Edge(0,20501,112.21663)
Edge(0,20501,92.271223)
Edge(0,20501,315.185946)
Edge(0,20501,354.034938)
Edge(0,20501,409.524671)
Edge(0,20501,108.685788)
Edge(0,20501,138.245327)
Edge(0,20501,55.305361)
Edge(0,20501,117.623237)
Edge(0,20501,90.045586)
Edge(0,20501,95.994995)
Edge(0,20501,107.602912)
Edge(0,20501,67.99056)
Edge(0,20501,50.800275)
Edge(0,20501,42.802832)
Edge(0,20501,95.041623)
Edge(0,20501,92.491814)
Edge(0,20501,66.872313)
Edge(0,20501,311.401695)
Edge(0,20501,682.213671)
Edge(0,20501,822.623818)
Edge(0,20501,248.986608)
Edge(0,20501,234.604134)
Edge(0,20501,881.214944)
Edge(0,20501,159.349126)
Edge(0,20501,1507.361417)
Edge(0,20501,93.484944)
Edge(0,20501,105.437504)
Edge(0,20501,95.013429)
Edge(0,20501,98.607358)
Edge(0,20501,95.871155)
Edge(0,20501,39.255278)
Edge(0,20501,208.146446)
Edge(0,20501,119.889666)
Edge(0,20501,227.274845)
Edge(0,20501,647.036495)
Edge(0,20501,90.711872)
Edge(0,20501,107.326414)
Edge(0,20501,121.493278)
Edge(0,20501,75.20735)
Edge(0,20501,116.179751)
Edge(0,20501,572.104278)
Edge(0,20501,405.074993)
Edge(0,20501,712.562172)
Edge(0,20501,121.1386)
Edge(0,20501,83.209963)
Edge(0,20501,88.446331)
Edge(0,20501,34.266149)
Edge(0,20501,97.647471)
Edge(0,20501,744.700052)
Edge(0,20501,167.627949)
Edge(0,20501,79.752617)
Edge(0,20501,732.70883)
Edge(0,20501,1510.813758)
Edge(0,20501,1678.044188)
Edge(0,20501,784.833201)
Edge(0,20501,484.552989)
Edge(0,20501,1191.521976)
Edge(0,20501,305.011857)
Edge(0,20501,1521.319394)
Edge(0,20601,277.498671)
Edge(0,20601,112.714774)
Edge(0,20601,272.943561)
Edge(0,20601,46.562071)
Edge(0,20601,103.271781)
Edge(0,20601,47.179856)
Edge(0,20601,88.886217)
Edge(0,20601,75.623943)
Edge(0,20601,104.305183)
Edge(0,20601,96.015903)
Edge(0,20601,96.574406)
Edge(0,20601,96.28791)
Edge(0,20601,129.33453)
Edge(0,20601,92.370911)
Edge(0,20601,95.711823)
Edge(0,20601,147.778095)
Edge(0,20601,1220.321846)
Edge(0,20601,2226.208249)
Edge(0,20601,51.892209)
Edge(0,20601,243.784419)
Edge(0,20601,271.969559)
Edge(0,20601,60.084326)
Edge(0,20601,38.378328)
Edge(0,20601,41.850367)
Edge(0,20601,48.172409)
Edge(0,20601,104.827176)
Edge(0,20601,92.169219)
Edge(0,20601,483.501047)
Edge(0,20601,27.755555)
Edge(0,20601,266.759415)
Edge(0,20601,355.575113)
Edge(0,20601,715.0795)
Edge(0,20601,52.041771)
Edge(0,20601,1039.905675)
Edge(0,20601,553.051945)
Edge(0,20601,413.551693)
Edge(0,20601,14.4212)
Edge(0,20601,843.844614)
Edge(0,20601,355.809813)
Edge(0,20601,244.116493)
Edge(0,20601,52.197677)
Edge(0,20601,49.039602)
Edge(0,20601,110.46081)
Edge(0,20601,1020.703723)
Edge(0,20601,81.513542)
Edge(0,20601,178.362173)
Edge(0,20601,38.367111)
Edge(0,20601,916.008411)
Edge(0,20601,1517.948658)
Edge(0,20601,30.606561)
Edge(0,20601,105.107998)
Edge(0,20601,79.123425)
Edge(0,20601,136.731428)
Edge(0,20601,608.841728)
Edge(0,20601,857.157438)
Edge(0,20601,155.463772)
Edge(0,20601,58.056881)
Edge(0,20601,947.34913)
Edge(0,20601,136.032462)
Edge(0,20601,453.005842)
Edge(0,20601,428.443632)
Edge(0,20601,2002.236046)
Edge(0,20601,31.397218)
Edge(0,20601,264.507509)
Edge(0,20601,619.061082)
Edge(0,20601,15.031357)
Edge(0,20601,10.192466)
Edge(0,20601,493.324232)
Edge(0,20601,772.447202)
Edge(0,20601,857.336956)
Edge(0,20601,1396.581099)
Edge(0,20601,7.925775)
Edge(0,20601,275.032898)
Edge(0,20601,687.982237)
Edge(0,20901,213.466925)
Edge(0,20901,92.630579)
Edge(0,20901,17.087167)
Edge(0,20901,99.757046)
Edge(0,20901,23.414261)
Edge(0,20901,26.275289)
Edge(0,20901,132.379266)
Edge(0,20901,25.532542)
Edge(0,20901,409.705925)
Edge(0,20901,62.554503)
Edge(0,20901,33.468886)
Edge(0,20901,54.735301)
Edge(0,20901,152.516774)
Edge(0,20901,64.605941)
Edge(0,20901,84.166609)
Edge(0,20901,75.339309)
Edge(0,20901,309.848896)
Edge(0,20901,257.352839)
Edge(0,20901,282.149809)
Edge(0,20901,85.139664)
Edge(0,20901,49.910868)
Edge(0,20901,14.378118)
Edge(0,20901,149.778604)
Edge(0,20901,45.429113)
Edge(0,20901,147.214865)
Edge(0,20901,43.532106)
Edge(0,20901,65.768517)
Edge(0,20901,69.131352)
Edge(0,20901,99.297544)
Edge(0,20901,104.835684)
Edge(0,20901,98.215886)
Edge(0,20901,111.589664)
Edge(0,20901,99.611395)
Edge(0,20901,52.417762)
Edge(0,20901,99.634027)
Edge(0,20901,314.310637)
Edge(0,20901,501.737947)
Edge(0,20901,91.082047)
Edge(0,20901,177.960541)
Edge(0,20901,292.482033)
Edge(0,20901,1384.016875)
Edge(0,20901,133.900064)
Edge(0,20901,58.883612)
Edge(0,20901,445.04078)
Edge(0,20901,1187.103986)
Edge(0,20901,2444.605966)
Edge(0,20901,68.493441)
Edge(0,20901,42.353796)
Edge(0,20901,3389.084776)
Edge(0,20901,109.919195)
Edge(0,20901,1201.303859)
Edge(0,20901,777.181079)
Edge(0,20901,1271.796261)
Edge(0,20901,985.45738)
Edge(0,20901,633.658623)
Edge(0,20901,579.937471)
Edge(0,20901,474.191737)
Edge(0,20901,235.782113)
Edge(0,20901,99.245553)
Edge(0,20901,1316.9672)
Edge(0,20901,44.843589)
Edge(0,20901,30.193682)
Edge(0,20901,283.538491)
Edge(0,20901,183.412244)
Edge(0,20901,53.767707)
Edge(0,20901,108.233365)
Edge(0,20901,130.542614)
Edge(0,20901,148.661535)
Edge(0,20901,759.309875)
Edge(0,20901,224.993665)
Edge(0,20901,100.333875)
Edge(0,20901,167.572971)
Edge(0,20901,1048.079228)
Edge(0,20901,2816.506565)
Edge(0,20901,536.599753)
Edge(0,20901,1334.809081)
Edge(0,20901,205.95208)
Edge(0,20901,1007.545477)
Edge(0,20901,361.966875)
Edge(0,20901,140.21836)
Edge(0,20901,286.12031)
Edge(0,20901,556.755394)
Edge(0,20901,1156.695905)
Edge(0,20901,550.297052)
Edge(0,20901,1018.323694)
Edge(0,20901,138.17358)
Edge(0,20901,94.141156)
Edge(0,20901,46.161603)
Edge(0,20901,1352.463517)
Edge(0,20901,147.661182)
Edge(0,20901,1156.095916)
Edge(0,20901,49.283897)
Edge(0,20901,73.241193)
Edge(0,20901,247.397216)
Edge(0,20901,794.304513)
Edge(0,20901,37.272713)
Edge(0,20901,505.527763)
Edge(0,20901,438.391694)
Edge(0,20901,56.220554)
Edge(0,20901,24.520262)
Edge(0,20901,149.480571)
Edge(0,20901,79.583308)
Edge(0,20901,220.2297)
Edge(0,20901,108.394102)
Edge(0,20901,231.863622)
Edge(0,20901,593.48233)
Edge(0,20901,103.763903)
Edge(0,20901,120.109818)
Edge(0,20901,45.163815)
Edge(0,20901,89.131608)
Edge(0,20901,400.650131)
Edge(0,20901,311.54306)
Edge(0,20901,115.364001)
Edge(0,20901,524.407322)
Edge(0,20901,30.333494)
Edge(0,20901,136.39384)
Edge(0,20901,204.633174)
Edge(0,20901,150.553392)
Edge(0,20901,268.184255)
Edge(0,20901,169.37388)
Edge(0,20901,66.006815)
Edge(0,20901,88.485467)
Edge(0,20901,52.625984)
Edge(0,20901,82.369495)
Edge(0,20901,193.006757)
Edge(0,20901,501.485783)
Edge(0,20901,1810.715008)
Edge(0,20901,98.123863)
Edge(0,20901,102.681619)
Edge(0,20901,102.165278)
Edge(0,20901,95.981364)
Edge(0,20901,93.682291)
Edge(0,20901,91.154026)
Edge(0,20901,95.799652)
Edge(0,20901,91.153954)
Edge(0,20901,98.685663)
Edge(0,20901,95.195627)
Edge(0,20901,95.208118)
Edge(0,20901,99.292532)
Edge(0,20901,208.818207)
Edge(0,20901,51.382771)
Edge(0,20901,94.183577)
Edge(0,20901,96.14413)
Edge(0,20901,97.940586)
Edge(0,20901,88.619109)
Edge(0,20901,52.792596)
Edge(0,20901,60.421993)
Edge(0,20901,28.129413)
Edge(0,20901,97.094153)
Edge(0,20901,100.053134)
Edge(0,20901,42.041182)
Edge(0,20901,97.516229)
Edge(0,20901,99.766434)
Edge(0,20901,98.563148)
Edge(0,20901,94.185625)
Edge(0,20901,94.968659)
Edge(0,20901,15.286795)
Edge(0,20901,17.028806)
Edge(0,20901,182.919562)
Edge(0,20901,64.197418)
Edge(0,20901,100.058322)
Edge(0,20901,239.831153)
Edge(0,20901,69.051821)
Edge(0,20901,30.191278)
Edge(0,20901,218.995058)
Edge(0,20901,26.073082)
Edge(0,20901,325.179694)
Edge(0,20901,253.120794)
Edge(0,20901,78.508357)
Edge(0,20901,26.88577)
Edge(0,20901,85.036363)
Edge(0,20901,73.241605)
Edge(0,20901,76.407913)
Edge(0,20901,89.803325)
Edge(0,20901,68.925737)
Edge(0,20901,178.766019)
Edge(0,20901,87.481957)
Edge(0,20901,43.740973)
Edge(0,20901,130.279308)
Edge(0,20901,217.992645)
Edge(0,20901,88.474891)
Edge(0,20901,234.775039)
Edge(0,20901,96.752016)
Edge(0,20901,191.060877)
Edge(0,20901,178.683736)
Edge(0,20901,101.689425)
Edge(0,20901,146.34949)
Edge(0,20901,185.501121)
Edge(0,20901,115.589236)
Edge(0,20901,484.235336)
Edge(0,20901,326.997563)
Edge(0,20901,84.473626)
Edge(0,21002,318.023711)
Edge(0,21002,88.482721)
Edge(0,21301,2088.621982)
Edge(0,21301,2035.08679)
Edge(0,21301,598.070593)
Edge(0,21301,1993.322188)
Edge(0,21301,207.364114)
Edge(0,21301,1900.978982)
Edge(0,21301,1929.131181)
Edge(0,21301,2016.073433)
Edge(0,21301,2339.957828)
Edge(0,21301,2141.161794)
Edge(0,21301,274.007598)
Edge(0,50801,2280.644108)
Edge(0,50801,2877.253522)
Edge(0,50801,3076.017513)
Edge(0,50801,2181.17952)
Edge(0,50801,2360.516514)
Edge(0,50801,1796.697595)
Edge(0,50801,2854.746132)
Edge(0,50801,2629.788947)
Edge(0,50801,308.205486)
Edge(0,50801,711.422461)
Edge(0,50801,3246.509473)
Edge(0,50801,2580.186359)
Edge(0,50801,4170.693834)
Edge(0,50801,135.699084)
Edge(0,50801,935.713291)
Edge(0,50801,112.388252)
Edge(0,50801,733.923062)
Edge(0,50801,115.599511)
Edge(0,50801,462.03506)
Edge(0,50801,121.042968)
Edge(0,50801,113.679406)
Edge(0,50801,2729.056279)
Edge(0,50801,46.613666)
Edge(0,50801,1495.424516)
Edge(0,50801,617.780943)
Edge(0,50801,1707.94321)
Edge(0,50801,258.476259)
Edge(0,50801,948.599816)
Edge(0,50801,173.678503)
Edge(0,50801,87.672057)
Edge(0,50801,133.885217)
Edge(0,50801,69.721389)
Edge(0,50801,247.525796)
Edge(0,50801,1012.397295)
Edge(0,50801,54.738479)
Edge(0,50801,170.139891)
Edge(0,50801,491.62645)
Edge(0,50801,2879.313553)
Edge(0,50801,1189.359324)
Edge(0,50801,582.277947)
Edge(0,50801,1366.410111)
Edge(0,50801,2738.916906)
Edge(0,50801,2019.560236)
Edge(0,50801,477.660795)
Edge(0,50801,3162.155971)
Edge(0,50801,1973.370412)
Edge(0,50801,2239.615178)
Edge(0,50801,2969.574723)
Edge(0,50801,3987.509268)
Edge(0,50801,253.06993)
Edge(0,50801,1481.143564)
Edge(0,50801,145.853578)
Edge(0,50801,1411.278619)
Edge(0,50801,3131.991578)
Edge(10901,0,35.303246)
Edge(10901,0,58.05868)
Edge(10901,0,74.259924)
Edge(10901,0,89.114735)
Edge(10901,0,30.401399)
Edge(10901,0,371.445564)
Edge(10901,0,134.185982)
Edge(10901,0,655.839129)
Edge(10901,0,581.204022)
Edge(10901,0,165.38121)
Edge(10901,0,73.445944)
Edge(10901,0,91.291347)
Edge(10901,0,18.278983)
Edge(10901,0,67.444142)
Edge(10901,0,74.259856)
Edge(10901,0,115.663306)
Edge(10901,0,110.369374)
Edge(10901,0,172.365007)
Edge(10901,0,50.320302)
Edge(10901,0,39.968423)
Edge(10901,0,29.357434)
Edge(10901,0,56.416862)
Edge(10901,0,35.30322)
Edge(10901,0,27.955086)
Edge(10901,0,63.251648)
Edge(10901,0,51.489365)
Edge(10901,0,17.8464)
Edge(10901,0,6.9887)
Edge(10901,0,77.153374)
Edge(10901,0,17.159514)
Edge(10901,0,64.409847)
Edge(10901,0,40.615564)
Edge(10901,0,51.48948)
Edge(10901,0,243.352288)
Edge(10901,0,20.747037)
Edge(10901,0,82.08499)
Edge(10901,0,314.352657)
Edge(10901,0,45.344707)
Edge(10901,0,56.404409)
Edge(10901,0,132.756951)
Edge(10901,0,298.631932)
Edge(10901,0,165.969379)
Edge(10901,0,88.815367)
Edge(10901,0,28.318341)
Edge(10901,0,93.128259)
Edge(10901,0,73.812938)
Edge(10901,0,15.031663)
Edge(10901,10902,105.756936)
Edge(10901,10902,97.824238)
Edge(10901,10902,505.696526)
Edge(10901,10902,180.835354)
Edge(10901,10902,253.547773)
Edge(10901,10902,248.228009)
Edge(10901,10902,184.875341)
Edge(10901,10902,251.412022)
Edge(10901,10902,345.644359)
Edge(10901,10902,82.989499)
Edge(10901,10902,71.115929)
Edge(10901,10902,198.446537)
Edge(10901,10902,169.061933)
Edge(10901,10902,249.970249)
Edge(10906,0,93.134261)
Edge(10906,0,97.424153)
Edge(10906,0,388.993321)
Edge(10906,0,98.070064)
Edge(10906,0,97.720047)
Edge(10906,0,97.941212)
Edge(10906,0,99.923205)
Edge(10906,0,95.517275)
Edge(10906,0,97.824576)
Edge(10906,0,95.422694)
Edge(10906,0,128.461353)
Edge(10906,0,28.755208)
Edge(10906,0,579.325376)
Edge(10906,0,81.529099)
Edge(10906,0,53.36184)
Edge(10906,0,116.64355)
Edge(10906,0,220.786546)
Edge(10906,0,398.512795)
Edge(10906,0,33.357007)
Edge(10906,0,217.585274)
Edge(10906,0,139.612342)
Edge(10906,0,310.645743)
Edge(10906,0,205.907802)
Edge(10906,0,288.715717)
Edge(10906,0,38.812367)
Edge(10906,0,86.518077)
Edge(10906,0,60.348838)
Edge(10906,0,45.868816)
Edge(10906,0,29.688451)
Edge(10906,0,30.78201)
Edge(10906,0,614.230229)
Edge(10906,0,158.633106)
Edge(20101,20103,1178.629818)
Edge(20101,20103,101.611114)
Edge(20101,20103,129.870797)
Edge(20101,20103,67.054461)
Edge(20101,20103,488.832787)
Edge(20101,20103,115.158805)
Edge(20101,20103,416.661844)
Edge(20101,20103,183.326635)
Edge(20101,20103,345.787554)
Edge(20101,20103,229.398274)
Edge(20101,20103,39.022508)
Edge(20101,20103,42.083222)
Edge(20101,20103,23.355713)
Edge(20101,20103,41.34904)
Edge(20101,20103,74.370767)
Edge(20101,20103,96.450539)
Edge(20101,20103,50.79853)
Edge(20101,20103,123.544566)
Edge(20101,20103,201.3769)
Edge(20101,20103,1779.221041)
Edge(20101,20103,820.324314)
Edge(20101,20103,51.423322)
Edge(20101,20103,61.572299)
Edge(20101,20103,54.741423)
Edge(20101,20103,311.061577)
Edge(20101,20103,111.581446)
Edge(20101,20103,102.320627)
Edge(20101,20103,83.53687)
Edge(20101,20103,157.048205)
Edge(20101,20103,14.632048)
Edge(20101,20103,100.351564)
Edge(20101,20103,85.140033)
Edge(20101,20103,85.43416)
Edge(20101,20103,166.136306)
Edge(20101,20103,38.586077)
Edge(20101,20103,100.434119)
Edge(20101,20103,11.697873)
Edge(20101,20103,207.313014)
Edge(20101,20103,82.497844)
Edge(20101,20103,98.685389)
Edge(20101,20103,106.286822)
Edge(20101,20103,399.670319)
Edge(20101,20103,240.947549)
Edge(20101,20103,164.467174)
Edge(20101,20103,53.82867)
Edge(20101,20103,52.497378)
Edge(20101,20103,51.424083)
Edge(20101,20103,49.400977)
Edge(20101,20103,81.41546)
Edge(20101,20103,205.463539)
Edge(20101,20103,143.882845)
Edge(20101,20103,490.96116)
Edge(20102,0,142.621588)
Edge(20102,0,326.055463)
Edge(20102,0,192.406245)
Edge(20102,0,1374.812546)
Edge(20102,0,38.591953)
Edge(20102,0,270.723346)
Edge(20102,0,17.847836)
Edge(20102,0,34.093071)
Edge(20102,0,100.170425)
Edge(20102,0,435.101716)
Edge(20102,0,105.977867)
Edge(20102,0,353.289049)
Edge(20102,0,895.242237)
Edge(20102,0,182.881997)
Edge(20102,0,187.490811)
Edge(20102,0,45.449608)
Edge(20102,0,353.844678)
Edge(20102,0,70.887662)
Edge(20102,0,267.444702)
Edge(20102,0,248.192509)
Edge(20102,0,586.308434)
Edge(20102,0,151.63231)
Edge(20102,0,457.580782)
Edge(20102,0,141.347813)
Edge(20102,0,277.455697)
Edge(20102,0,146.13085)
Edge(20102,0,37.353793)
Edge(20102,0,240.550399)
Edge(20102,0,275.210954)
Edge(20102,0,99.120325)
Edge(20102,0,123.761725)
Edge(20102,0,1425.177772)
Edge(20102,0,922.101773)
Edge(20102,0,264.000044)
Edge(20102,0,752.287411)
Edge(20102,0,237.841843)
Edge(20102,0,175.917433)
Edge(20102,0,67.931369)
Edge(20102,0,686.970847)
Edge(20102,0,1462.66226)
Edge(20102,0,132.728528)
Edge(20102,0,55.531146)
Edge(20102,0,281.816753)
Edge(20102,0,114.370225)
Edge(20102,0,148.006164)
Edge(20102,0,176.341834)
Edge(20102,0,131.939703)
Edge(20102,0,1131.673093)
Edge(20102,0,406.304273)
Edge(20102,0,180.666778)
Edge(20102,0,274.742803)
Edge(20102,0,73.191418)
Edge(20102,0,948.467202)
Edge(20102,0,189.274302)
Edge(20102,0,109.523382)
Edge(20102,0,852.819217)
Edge(20102,0,451.257531)
Edge(20102,0,76.009416)
Edge(20102,0,405.256643)
Edge(20102,0,7.954947)
Edge(20102,0,412.228821)
Edge(20102,0,146.245776)
Edge(20102,0,144.103323)
Edge(20102,0,274.112426)
Edge(20102,0,275.62498)
Edge(20102,0,20.230479)
Edge(20102,0,1389.456748)
Edge(20102,0,8.608509)
Edge(20102,0,835.419241)
Edge(20102,0,362.609686)
Edge(20102,0,362.57744)
Edge(20102,0,1499.663082)
Edge(20102,0,69.882288)
Edge(20102,0,55.513614)
Edge(20102,0,188.960216)
Edge(20102,0,167.666012)
Edge(20102,0,228.697566)
Edge(20102,0,85.771627)
Edge(20102,0,322.09911)
Edge(20102,0,66.020816)
Edge(20102,0,63.613256)
Edge(20102,0,68.782256)
Edge(20102,0,11.898159)
Edge(20102,0,81.904885)
Edge(20102,0,58.086312)
Edge(20102,0,363.727138)
Edge(20102,0,44.635912)
Edge(20102,0,385.763118)
Edge(20102,0,116.277773)
Edge(20102,0,261.382952)
Edge(20102,0,1800.008426)
Edge(20102,0,24.127988)
Edge(20102,0,88.190139)
Edge(20102,0,997.202796)
Edge(20102,0,1471.235581)
Edge(20102,0,2261.275173)
Edge(20102,0,2193.655524)
Edge(20102,0,2410.89385)
Edge(20102,0,501.558773)
Edge(20102,0,710.867798)
Edge(20102,0,282.934066)
Edge(20102,0,581.818186)
Edge(20102,0,582.30838)
Edge(20102,0,371.18713)
Edge(20102,0,624.474395)
Edge(20102,0,1621.406894)
Edge(20102,0,371.935582)
Edge(20102,0,206.943943)
Edge(20102,0,208.6345)
Edge(20102,0,33.024371)
Edge(20102,0,1420.308894)
Edge(20102,0,128.779214)
Edge(20102,0,264.566503)
Edge(20102,0,282.85106)
Edge(20102,0,142.192949)
Edge(20102,0,136.944132)
Edge(20102,0,75.948645)
Edge(20102,0,76.053212)
Edge(20102,0,549.050593)
Edge(20102,0,671.793371)
Edge(20102,0,643.318465)
Edge(20102,0,420.935623)
Edge(20102,0,720.306577)
Edge(20102,0,1370.236528)
Edge(20102,0,676.252294)
Edge(20102,0,678.030558)
Edge(20102,0,368.771635)
Edge(20102,0,372.9317)
Edge(20102,0,225.97227)
Edge(20102,0,211.516786)
Edge(20102,0,384.21392)
Edge(20102,0,167.350288)
Edge(20102,0,163.382198)
Edge(20102,0,132.627114)
Edge(20102,0,135.188897)
Edge(20102,0,36.18396)
Edge(20102,0,39.644689)
Edge(20102,0,43.903517)
Edge(20102,0,44.457322)
Edge(20102,0,116.056214)
Edge(20102,0,113.494551)
Edge(20102,0,1906.183286)
Edge(20102,0,195.52491)
Edge(20102,0,705.234072)
Edge(20102,0,189.0177)
Edge(20102,0,189.418492)
Edge(20102,0,1190.075677)
Edge(20102,0,277.015665)
Edge(20102,0,1242.035595)
Edge(20102,0,1955.48399)
Edge(20102,0,224.373594)
Edge(20102,0,780.351903)
Edge(20102,0,541.891152)
Edge(20102,0,575.818575)
Edge(20102,0,190.987203)
Edge(20102,0,703.920311)
Edge(20102,0,406.899362)
Edge(20102,0,125.641337)
Edge(20102,0,113.367472)
Edge(20102,0,247.712235)
Edge(20102,0,246.33134)
Edge(20102,0,168.107477)
Edge(20102,0,250.757435)
Edge(20102,0,207.292167)
Edge(20102,0,471.161932)
Edge(20102,0,283.925633)
Edge(20102,0,462.225838)
Edge(20102,0,272.335822)
Edge(20102,0,328.952376)
Edge(20102,0,327.863627)
Edge(20102,0,475.630968)
Edge(20102,0,492.687587)
Edge(20102,0,13.422455)
Edge(20102,0,302.795341)
Edge(20102,0,693.638766)
Edge(20102,0,2426.780975)
Edge(20102,0,921.757264)
Edge(20102,0,925.132549)
Edge(20102,0,373.253222)
Edge(20102,0,237.239507)
Edge(20102,0,488.820598)
Edge(20102,0,85.825422)
Edge(20102,0,389.581576)
Edge(20102,0,714.212985)
Edge(20102,0,65.648489)
Edge(20102,0,479.269006)
Edge(20102,0,482.239302)
Edge(20102,0,361.13727)
Edge(20102,0,210.376877)
Edge(20102,0,268.362789)
Edge(20102,0,887.810704)
Edge(20102,0,868.227351)
Edge(20102,0,448.278535)
Edge(20102,0,360.381063)
Edge(20102,0,1007.833812)
Edge(20102,0,85.045054)
Edge(20102,0,31.76432)
Edge(20102,0,30.401277)
Edge(20102,0,215.768676)
Edge(20102,0,464.192276)
Edge(20102,0,354.434454)
Edge(20102,0,263.247309)
Edge(20102,0,350.41416)
Edge(20102,0,1018.284689)
Edge(20102,0,52.206746)
Edge(20102,0,417.494654)
Edge(20102,0,346.414547)
Edge(20109,40201,158.577885)
Edge(20109,40201,90.609567)
Edge(20109,40201,128.538956)
Edge(20109,40201,180.388721)
Edge(20109,40201,30.127289)
Edge(20109,40201,96.131776)
Edge(20109,40201,142.382606)
Edge(20109,40201,49.330006)
Edge(20109,40201,53.035551)
Edge(20109,40201,183.629022)
Edge(20109,40201,17.678519)
Edge(20109,40201,100.471206)
Edge(20109,40201,39.027019)
Edge(20109,40201,163.337113)
Edge(20109,40201,383.40488)
Edge(20109,40201,853.513477)
Edge(20109,40201,69.550372)
Edge(20109,40201,157.86087)
Edge(20109,40201,32.267904)
Edge(20109,40201,78.504088)
Edge(20109,40201,72.83959)
Edge(20109,40201,162.712135)
Edge(20109,40201,118.359967)
Edge(20109,40201,130.233545)
Edge(20109,40201,43.39387)
Edge(20109,40201,252.941594)
Edge(20109,40201,117.381138)
Edge(20109,40201,332.73369)
Edge(20109,40201,73.033459)
Edge(20109,40201,236.866095)
Edge(20109,40201,13.252343)
Edge(20109,40201,57.843531)
Edge(20109,40201,103.668888)
Edge(20109,40201,75.612012)
Edge(20109,40201,77.609064)
Edge(20109,40201,138.229475)
Edge(20109,40201,197.078749)
Edge(20109,40201,56.302873)
Edge(20109,40201,175.219305)
Edge(20109,40201,159.004426)
Edge(20109,40201,89.950385)
Edge(20109,40201,94.921526)
Edge(20109,40201,89.6236)
Edge(20109,40201,97.533018)
Edge(20109,40201,91.032915)
Edge(20109,40201,96.449065)
Edge(20112,0,248.804838)
Edge(20112,0,45.101857)
Edge(20112,0,43.710698)
Edge(20112,0,48.715461)
Edge(20112,0,489.734949)
Edge(20112,0,271.29837)
Edge(20112,0,38.801234)
Edge(20112,0,125.832041)
Edge(20112,0,396.880235)
Edge(20201,0,51.072365)
Edge(20201,0,98.076117)
Edge(20201,0,1252.90482)
Edge(20201,0,851.624709)
Edge(20201,0,2331.193621)
Edge(20201,0,1004.76342)
Edge(20201,0,1455.692594)
Edge(20201,0,442.929013)
Edge(20201,0,470.563173)
Edge(20201,0,91.500101)
Edge(20201,0,48.422696)
Edge(20201,0,3468.12178)
Edge(20201,0,241.199274)
Edge(20201,0,218.539135)
Edge(20201,0,73.740285)
Edge(20201,0,1861.903286)
Edge(20201,0,172.513902)
Edge(20201,0,692.966353)
Edge(20201,0,332.631065)
Edge(20201,0,128.376232)
Edge(20201,0,3037.421935)
Edge(20201,0,2401.807126)
Edge(20201,0,295.796148)
Edge(20201,0,887.726297)
Edge(20201,0,3054.824049)
Edge(20201,0,1565.972527)
Edge(20201,0,4245.50857)
Edge(20201,0,2831.226976)
Edge(20201,0,1354.471967)
Edge(20201,0,635.13484)
Edge(20201,0,4060.011844)
Edge(20201,0,809.533233)
Edge(20201,0,252.341319)
Edge(20201,0,753.217492)
Edge(20201,0,2495.7528)
Edge(20201,0,1359.567212)
Edge(20201,0,1640.92838)
Edge(20201,0,1146.542068)
Edge(20201,0,2416.668024)
Edge(20201,0,744.396805)
Edge(20201,0,99.878623)
Edge(20201,0,37.238752)
Edge(20201,0,1425.015932)
Edge(20201,0,3803.986074)
Edge(20201,0,102.658993)
Edge(20201,0,1667.943349)
Edge(20201,0,408.549268)
Edge(20201,0,227.062744)
Edge(20201,0,220.878964)
Edge(20201,0,2105.024728)
Edge(20201,0,2589.624469)
Edge(20201,0,905.915332)
Edge(20201,0,2352.077841)
Edge(20201,0,1916.012029)
Edge(20201,0,976.353752)
Edge(20201,0,716.732401)
Edge(20201,0,1528.019255)
Edge(20201,0,350.589836)
Edge(20201,0,1094.790181)
Edge(20201,0,191.223727)
Edge(20201,0,169.240475)
Edge(20201,0,250.028351)
Edge(20201,0,1982.320268)
Edge(20201,0,698.456451)
Edge(20201,0,130.835836)
Edge(20201,0,627.107168)
Edge(20201,0,942.037567)
Edge(20201,0,469.899396)
Edge(20201,0,143.524773)
Edge(20201,0,260.492493)
Edge(20201,0,742.249637)
Edge(20201,0,144.885232)
Edge(20201,0,301.112374)
Edge(20201,0,209.836127)
Edge(20201,0,126.923563)
Edge(20201,0,303.956324)
Edge(20201,0,138.800281)
Edge(20201,0,433.83863)
Edge(20201,0,212.389102)
Edge(20201,0,711.096183)
Edge(20201,0,446.273775)
Edge(20201,0,469.707181)
Edge(20201,0,172.384627)
Edge(20201,0,735.604183)
Edge(20201,0,129.010537)
Edge(20201,0,145.986768)
Edge(20201,0,852.956126)
Edge(20201,0,210.029255)
Edge(20201,0,408.742032)
Edge(20201,0,198.455996)
Edge(20201,0,12.813173)
Edge(20201,0,539.176719)
Edge(20201,0,292.356688)
Edge(20201,0,115.29591)
Edge(20201,0,380.652774)
Edge(20201,0,45.426535)
Edge(20201,0,29.762056)
Edge(20201,0,19.918899)
Edge(20201,0,133.514631)
Edge(20201,0,126.360229)
Edge(20201,0,174.887765)
Edge(20201,0,301.870892)
Edge(20201,0,16.912841)
Edge(20201,0,384.641553)
Edge(20201,0,80.46087)
Edge(20201,0,118.389727)
Edge(20201,0,222.672144)
Edge(20201,0,99.691646)
Edge(20201,0,28.75623)
Edge(20201,0,33.180335)
Edge(20201,0,31.045777)
Edge(20201,0,149.456092)
Edge(20201,0,228.009695)
Edge(20201,0,223.069098)
Edge(20201,0,217.844167)
Edge(20201,0,379.078403)
Edge(20201,0,65.069754)
Edge(20201,0,226.839224)
Edge(20201,0,115.063003)
Edge(20201,0,602.342819)
Edge(20201,0,616.315153)
Edge(20201,0,54.104907)
Edge(20201,0,59.340763)
Edge(20201,0,172.804936)
Edge(20201,0,306.209392)
Edge(20201,0,50.680615)
Edge(20201,0,252.04053)
Edge(20201,0,194.725022)
Edge(20201,0,230.153161)
Edge(20201,0,436.478095)
Edge(20201,0,692.864852)
Edge(20201,0,72.107614)
Edge(20201,0,402.584481)
Edge(20201,0,25.205004)
Edge(20201,0,176.435238)
Edge(20201,0,45.557759)
Edge(20201,0,123.862872)
Edge(20201,0,100.670665)
Edge(20201,0,73.292158)
Edge(20201,0,131.064692)
Edge(20201,0,60.637475)
Edge(20201,0,135.745474)
Edge(20201,0,262.838723)
Edge(20201,0,1004.053557)
Edge(20201,0,31.222298)
Edge(20201,0,681.573918)
Edge(20201,0,135.941335)
Edge(20201,0,46.084102)
Edge(20201,0,136.350166)
Edge(20201,0,78.010406)
Edge(20201,0,160.232451)
Edge(20201,0,120.81926)
Edge(20201,0,892.579384)
Edge(20201,0,315.277443)
Edge(20201,0,696.578423)
Edge(20201,0,1449.218607)
Edge(20201,0,1027.31868)
Edge(20201,0,814.783674)
Edge(20201,0,63.722319)
Edge(20201,0,90.692434)
Edge(20201,0,96.430774)
Edge(20201,0,107.59948)
Edge(20201,0,169.829179)
Edge(20201,0,18.763033)
Edge(20201,0,83.448804)
Edge(20201,0,94.671184)
Edge(20201,0,93.547604)
Edge(20201,0,52.091059)
Edge(20201,0,44.339721)
Edge(20201,0,40.612617)
Edge(20201,0,94.163367)
Edge(20201,0,192.757557)
Edge(20201,0,207.386218)
Edge(20201,0,255.12849)
Edge(20201,0,20.746068)
Edge(20201,0,115.15595)
Edge(20201,0,187.258831)
Edge(20201,0,21.269885)
Edge(20201,0,350.161984)
Edge(20201,0,42.722879)
Edge(20201,0,420.553456)
Edge(20201,0,168.915311)
Edge(20201,0,72.56423)
Edge(20201,0,629.478072)
Edge(20201,0,64.371364)
Edge(20201,0,203.778004)
Edge(20201,0,2512.116157)
Edge(20201,0,2709.313489)
Edge(20201,0,1019.296091)
Edge(20201,0,700.219012)
Edge(20201,0,922.445162)
Edge(20201,0,2176.893304)
Edge(20201,0,1878.978181)
Edge(20201,20701,103.505501)
Edge(20201,20701,90.423175)
Edge(20201,20701,104.727545)
Edge(20201,20701,96.551203)
Edge(20201,20701,97.214063)
Edge(20201,20701,77.601748)
Edge(20201,20701,24.206888)
Edge(20201,20701,588.349283)
Edge(20201,20701,1038.45442)
Edge(20201,20701,41.064161)
Edge(20201,20701,158.503423)
Edge(20201,20701,78.844222)
Edge(20201,20701,24.514854)
Edge(20201,20701,16.440317)
Edge(20201,20701,97.482538)
Edge(20201,20701,39.842301)
Edge(20201,20701,440.315956)
Edge(20201,20701,265.775568)
Edge(20201,20701,516.210688)
Edge(20201,20701,110.6818)
Edge(20201,20701,761.120539)
Edge(20201,20701,40.613537)
Edge(20201,20701,79.467872)
Edge(20201,20701,146.133091)
Edge(20201,20701,217.438411)
Edge(20201,20701,165.86983)
Edge(20201,20701,386.700572)
Edge(20301,0,95.082637)
Edge(20301,0,148.939969)
Edge(20301,0,97.351637)
Edge(20301,0,316.394544)
Edge(20301,0,186.971987)
Edge(20301,0,857.57557)
Edge(20301,0,743.630895)
Edge(20301,0,347.465517)
Edge(20301,0,479.383025)
Edge(20301,0,386.78552)
Edge(20301,0,293.309018)
Edge(20301,0,216.04246)
Edge(20301,0,146.784481)
Edge(20301,0,537.686543)
Edge(20305,0,670.010646)
Edge(20305,0,788.073614)
Edge(20305,0,233.618379)
Edge(20305,0,484.026052)
Edge(20305,0,1077.145158)
Edge(20305,0,118.724838)
Edge(20305,0,132.261594)
Edge(20305,0,87.843875)
Edge(20305,0,2489.165399)
Edge(20305,0,380.39113)
Edge(20305,0,1581.300324)
Edge(20305,0,276.854635)
Edge(20305,0,145.01748)
Edge(20305,0,540.183698)
Edge(20305,0,1071.349369)
Edge(20305,0,876.275845)
Edge(20305,0,339.026937)
Edge(20305,0,1265.935822)
Edge(20305,0,667.212693)
Edge(20305,0,616.917086)
Edge(20305,0,274.781392)
Edge(20305,0,59.090595)
Edge(20305,0,167.894584)
Edge(20305,0,215.557011)
Edge(20305,0,35.133446)
Edge(20305,0,140.922529)
Edge(20401,0,79.137723)
Edge(20401,0,54.273495)
Edge(20401,0,47.194692)
Edge(20401,0,175.584366)
Edge(20401,0,31.94803)
Edge(20401,0,1151.544997)
Edge(20401,0,1121.674822)
Edge(20401,0,2912.291038)
Edge(20401,0,1267.114565)
Edge(20401,0,910.505395)
Edge(20401,0,536.996643)
Edge(20401,0,1001.880134)
Edge(20401,0,1298.229297)
Edge(20401,0,1140.671843)
Edge(20401,0,1569.545665)
Edge(20401,0,1350.457749)
Edge(20401,0,94.992604)
Edge(20401,0,103.433537)
Edge(20401,0,97.903595)
Edge(20401,0,1301.562849)
Edge(20401,0,705.394789)
Edge(20401,0,1676.595946)
Edge(20401,0,172.427083)
Edge(20401,0,654.405014)
Edge(20401,0,645.75232)
Edge(20403,0,1071.480761)
Edge(20403,0,2211.574059)
Edge(20403,0,50.594571)
Edge(20403,0,24.687574)
Edge(20403,0,58.498533)
Edge(20403,0,584.611175)
Edge(20403,0,2422.641665)
Edge(20403,0,2100.565927)
Edge(20403,0,107.255146)
Edge(20403,0,362.06561)
Edge(20403,0,2202.839407)
Edge(20504,0,1126.896297)
Edge(20504,0,707.759342)
Edge(20504,0,338.520857)
Edge(20504,0,84.1188)
Edge(20504,0,1094.793772)
Edge(20504,0,395.386058)
Edge(20504,0,282.090023)
Edge(20504,0,883.40201)
Edge(20504,0,122.729097)
Edge(20504,0,554.880186)
Edge(20504,0,559.791176)
Edge(20504,0,1313.918562)
Edge(20504,0,1474.63357)
Edge(20601,12003,1594.850311)
Edge(20601,12003,257.11661)
Edge(20601,12003,1449.549141)
Edge(20601,12003,908.356977)
Edge(20601,12003,848.378561)
Edge(20601,12003,101.561699)
Edge(20601,12003,146.695966)
Edge(20601,12003,132.730262)
Edge(20601,12003,345.424596)
Edge(20601,12003,487.00082)
Edge(20601,12003,51.37154)
Edge(20601,20701,92.032745)
Edge(20601,20701,112.111926)
Edge(20601,20701,99.678846)
Edge(20601,20701,1918.069244)
Edge(20601,20701,1137.208157)
Edge(20601,20701,42.798941)
Edge(20601,20701,194.59784)
Edge(20601,20701,59.703863)
Edge(20601,20701,123.11267)
Edge(20601,20701,90.846432)
Edge(20601,20701,70.651422)
Edge(20601,20701,63.783458)
Edge(20601,20701,75.986)
Edge(20601,20701,60.890259)
Edge(20601,20701,1499.154595)
Edge(20601,20701,21.232323)
Edge(20601,20701,235.984274)
Edge(20601,20701,97.283666)
Edge(20601,20701,94.98626)
Edge(20601,20701,106.831935)
Edge(20601,20701,84.173784)
Edge(20601,20701,131.87703)
Edge(20601,20701,288.367515)
Edge(20601,20701,191.428366)
Edge(20601,20701,256.411771)
Edge(20601,20701,595.531526)
Edge(20601,20701,970.477813)
Edge(20601,20701,267.567103)
Edge(20601,20701,384.215867)
Edge(20601,20701,374.975915)
Edge(20601,20701,178.190694)
Edge(20601,20701,62.807542)
Edge(20601,20701,79.586911)
Edge(20601,20701,87.844872)
Edge(20601,20701,225.370443)
Edge(20601,20701,103.95043)
Edge(20601,20701,442.653248)
Edge(20601,20701,287.023582)
Edge(20602,0,1706.950498)
Edge(20602,0,1282.02483)
Edge(20602,0,1308.800498)
Edge(20602,0,2314.376701)
Edge(20602,0,127.794207)
Edge(20602,0,198.410131)
Edge(20602,0,1056.611734)
Edge(20602,0,2577.877258)
Edge(20602,0,45.134492)
Edge(20602,0,155.760785)
Edge(20602,0,1965.048878)
Edge(20602,0,1915.991203)
Edge(20602,0,1112.687867)
Edge(20602,0,4051.119708)
Edge(20602,0,579.491757)
Edge(20602,0,1226.207638)
Edge(20602,0,166.247883)
Edge(20602,0,3568.202279)
Edge(20602,0,2392.828594)
Edge(20602,0,779.293932)
Edge(20602,0,2357.054471)
Edge(20602,0,305.604455)
Edge(20602,0,1891.434195)
Edge(20602,0,628.688986)
Edge(20602,0,1616.070013)
Edge(20602,0,83.670968)
Edge(20602,0,81.506556)
Edge(20602,0,1538.275465)
Edge(20602,0,179.632149)
Edge(20602,0,1767.718364)
Edge(20602,0,3947.383731)
Edge(20602,0,93.220404)
Edge(20602,0,98.227941)
Edge(20602,0,85.015958)
Edge(20602,0,198.660999)
Edge(20602,0,281.44611)
Edge(20602,0,1240.7688)
Edge(20602,0,2012.291445)
Edge(20602,0,775.100445)
Edge(20602,0,1009.268037)
Edge(20602,0,3598.596724)
Edge(20602,0,304.886718)
Edge(20602,0,429.216764)
Edge(20602,0,418.647705)
Edge(20602,0,23.176802)
Edge(20602,0,74.160041)
Edge(20602,0,143.246506)
Edge(20602,0,673.944769)
Edge(20602,0,1641.408012)
Edge(20602,0,119.389934)
Edge(20602,0,310.310827)
Edge(20602,0,375.116961)
Edge(20602,0,244.140353)
Edge(20602,0,468.879529)
Edge(20602,0,37.671605)
Edge(20602,0,99.385199)
Edge(20602,0,34.088319)
Edge(20602,0,89.233774)
Edge(20602,0,97.549555)
Edge(20602,0,94.646499)
Edge(20602,0,98.73224)
Edge(20602,0,89.21402)
Edge(20602,0,104.82613)
Edge(20602,0,96.850941)
Edge(20602,0,96.958241)
Edge(20602,0,95.631115)
Edge(20602,0,9.342489)
Edge(20602,0,111.131881)
Edge(20602,0,1159.120504)
Edge(20602,0,767.601373)
Edge(20602,0,133.838101)
Edge(20602,0,30.773821)
Edge(20602,0,241.082434)
Edge(20602,0,61.184268)
Edge(20702,0,2877.20291)
Edge(20702,0,686.578553)
Edge(20702,0,869.189223)
Edge(20702,0,4155.695216)
Edge(20702,0,357.842988)
Edge(20702,0,430.358443)
Edge(20702,0,237.46406)
Edge(20702,0,94.698114)
Edge(20702,0,582.819128)
Edge(20702,0,576.393803)
Edge(20702,0,201.264153)
Edge(20702,0,88.155209)
Edge(20702,0,2825.003296)
Edge(20702,0,428.70404)
Edge(20702,0,267.358628)
Edge(20702,0,12.165907)
Edge(20702,0,6.636004)
Edge(20702,0,2414.774836)
Edge(20702,0,1374.991735)
Edge(20702,0,179.365436)
Edge(20702,0,340.28253)
Edge(20702,0,124.190429)
Edge(20702,0,82.47928)
Edge(20702,0,1532.342646)
Edge(20901,20605,309.764472)
Edge(20901,20605,1000.180362)
Edge(20901,20605,65.623431)
Edge(20901,20605,327.222007)
Edge(20901,20605,717.601925)
Edge(20901,20605,1396.071073)
Edge(20901,20605,869.40932)
Edge(20901,20605,459.874694)
Edge(20901,20605,271.372017)
Edge(20901,20605,457.197927)
Edge(20901,20605,558.896329)
Edge(20901,20605,328.133333)
Edge(20901,20605,127.728667)
Edge(20901,20605,170.921392)
Edge(20901,20605,106.501252)
Edge(20901,20605,98.763946)
Edge(20901,20605,87.057894)
Edge(20901,20605,43.63313)
Edge(20901,20605,96.165122)
Edge(20901,20605,92.518878)
Edge(20901,20605,89.145215)
Edge(20901,20605,46.578699)
Edge(20901,20605,183.99013)
Edge(20901,20605,416.559579)
Edge(20901,20605,391.934896)
Edge(20901,20605,2477.943254)
Edge(20901,20605,457.93968)
Edge(20901,20605,582.411112)
Edge(20904,0,1952.239103)
Edge(20904,0,737.860414)
Edge(20904,0,612.076634)
Edge(20904,0,16.223743)
Edge(20904,0,47.174302)
Edge(20904,0,12.063818)
Edge(20904,0,40.554823)
Edge(20904,0,17.778117)
Edge(20904,0,12.063918)
Edge(20904,0,116.299251)
Edge(20904,0,63.181882)
Edge(20904,0,46.183433)
Edge(20904,0,121.855742)
Edge(20904,0,140.998786)
Edge(20904,0,215.467421)
Edge(20904,0,108.056898)
Edge(20904,0,167.670668)
Edge(20904,0,257.271621)
Edge(20904,0,155.345656)
Edge(20904,0,16.734686)
Edge(20904,0,99.637836)
Edge(20904,0,21.12848)
Edge(20904,0,22.772304)
Edge(20904,0,92.931114)
Edge(20904,0,78.527017)
Edge(20904,0,372.472383)
Edge(20904,0,223.511672)
Edge(20904,0,104.109832)
Edge(20904,0,18.280433)
Edge(20904,0,99.565397)
Edge(20904,0,78.595992)
Edge(20904,0,92.905138)
Edge(20904,0,1448.788176)
Edge(20904,0,501.97582)
Edge(20904,0,2048.942489)
Edge(20904,0,329.140878)
Edge(20904,0,1045.050006)
Edge(20904,0,1954.009029)
Edge(20904,0,837.087222)
Edge(20904,0,1287.618376)
Edge(20904,0,926.548805)
Edge(20904,0,531.152267)
Edge(20904,0,409.430606)
Edge(20904,0,662.3805)
Edge(20904,0,875.560712)
Edge(20904,0,2056.470494)
Edge(20904,0,1267.014996)
Edge(20904,0,3272.781866)
Edge(20904,0,196.567591)
Edge(20904,0,242.532058)
Edge(20904,0,71.985542)
Edge(20904,0,516.440979)
Edge(20904,0,980.4663)
Edge(20904,0,49.881934)
Edge(20904,0,615.963327)
Edge(20904,0,61.795428)
Edge(20904,0,175.756501)
Edge(20904,0,197.106949)
Edge(20904,0,1557.348816)
Edge(20904,0,156.820522)
Edge(20904,0,981.046371)
Edge(20904,0,342.510687)
Edge(20904,0,100.118468)
Edge(20904,0,178.253922)
Edge(20904,0,880.255335)
Edge(20904,0,135.441358)
Edge(20904,0,275.764028)
Edge(20904,0,600.416016)
Edge(20904,0,295.056544)
Edge(20904,0,229.19821)
Edge(20904,0,95.590639)
Edge(20904,0,341.13882)
Edge(20904,0,272.011061)
Edge(20904,0,128.130253)
Edge(20904,0,58.471454)
Edge(20904,0,14.544751)
Edge(20904,0,369.580238)
Edge(20904,0,418.704721)
Edge(20904,0,403.547918)
Edge(20904,0,117.904388)
Edge(20904,0,39.189286)
Edge(20904,0,459.769439)
Edge(20904,0,68.754437)
Edge(20904,0,815.708828)
Edge(20904,0,34.097558)
Edge(20904,0,68.164106)
Edge(20904,0,1215.693588)
Edge(20904,0,41.606556)
Edge(20904,0,103.423775)
Edge(20904,0,495.808861)
Edge(20904,0,210.923985)
Edge(20904,0,64.361363)
Edge(20904,0,55.463329)
Edge(20904,0,2411.946155)
Edge(20904,0,208.93513)
Edge(20904,0,334.500529)
Edge(20904,0,466.785824)
Edge(20904,0,185.719892)
Edge(20904,0,61.834148)
Edge(20904,0,28.244939)
Edge(20904,0,501.169499)
Edge(20904,0,2008.681825)
Edge(20904,0,802.38487)
Edge(20904,0,311.959089)
Edge(20904,0,174.966493)
Edge(20904,0,251.317516)
Edge(20904,0,1630.298826)
Edge(20904,0,220.309049)
Edge(20904,0,1312.77642)
Edge(20904,0,274.181376)
Edge(20904,0,351.991131)
Edge(20904,0,1144.521167)
Edge(20904,0,1378.999156)
Edge(20904,0,937.776011)
Edge(20904,0,1873.797589)
Edge(20904,0,490.649424)
Edge(20904,0,52.113995)
Edge(20904,0,18.113939)
Edge(20904,0,983.448584)
Edge(20904,0,403.180593)
Edge(20904,0,1752.832654)
Edge(20904,0,530.976469)
Edge(20904,0,1262.130593)
Edge(20904,0,1421.480417)
Edge(20904,0,106.858209)
Edge(20904,0,1099.472796)
Edge(20904,0,349.5391)
Edge(20904,0,182.885286)
Edge(20904,0,1337.722823)
Edge(20904,0,119.884025)
Edge(20904,0,216.199522)
Edge(20904,0,69.846465)
Edge(20904,0,355.500038)
Edge(20904,0,2016.788693)
Edge(21002,0,1271.083539)
Edge(21002,0,222.986674)
Edge(21002,0,237.934897)
Edge(21002,0,2161.850182)
Edge(21002,0,389.329149)
Edge(21002,0,2233.743753)
Edge(21002,0,229.677393)
Edge(21002,0,1013.135792)
Edge(21002,0,219.846518)
Edge(21012,30705,181.677623)
Edge(21012,30705,3018.076299)
Edge(21012,30705,2886.786086)
Edge(21012,30705,2556.794012)
Edge(21012,30705,2996.551411)
Edge(21012,30705,2078.826026)
Edge(21012,30705,2154.676905)
Edge(21012,30705,3033.089705)
Edge(21012,30705,96.082127)
Edge(21012,30705,1242.423927)
Edge(21012,30705,95.192845)
Edge(21012,30705,95.622418)
Edge(21012,30705,107.393295)
Edge(21012,30705,98.1491)
Edge(21012,30705,94.718558)
Edge(21012,30705,261.372547)
Edge(21101,0,2056.099824)
Edge(21101,0,3287.915438)
Edge(21101,0,1960.815756)
Edge(21101,0,3212.622073)
Edge(21101,0,2522.235074)
Edge(21101,0,2631.103212)
Edge(21101,0,190.483458)
Edge(21201,0,501.882824)
Edge(21201,0,391.935368)
Edge(21201,0,102.200734)
Edge(21201,0,203.096069)
Edge(21201,0,337.410372)
Edge(21201,0,95.341897)
Edge(21201,0,1228.420524)
Edge(21201,0,502.90659)
Edge(21201,0,531.119425)
Edge(21201,0,203.576474)
Edge(21201,0,53.622657)
Edge(21201,0,148.499916)
Edge(21201,0,53.361203)
Edge(21201,0,490.65667)
Edge(21201,0,760.773899)
Edge(21202,20306,2343.37703)
Edge(21202,20306,100.086514)
Edge(21202,20306,1131.56573)
Edge(21202,20306,364.030973)
Edge(21202,20306,3021.245133)
Edge(21202,20306,919.147339)
Edge(21202,20306,3125.742362)
Edge(21202,20306,2419.319557)
Edge(21202,20306,183.764572)
Edge(21202,20306,1702.838889)
Edge(21202,20306,4.424002)
Edge(21202,20306,89.050008)
Edge(21202,20306,2485.526984)
Edge(21202,20306,696.159339)
Edge(21202,20306,37.468993)
Edge(21202,20306,618.703937)
Edge(21202,20306,1226.609279)
Edge(21202,20306,348.253275)
Edge(21202,20306,388.076804)
Edge(21202,20306,374.152402)
Edge(21202,20306,3864.154182)
Edge(21202,20306,1483.602599)
Edge(21202,20306,4133.491563)
Edge(21202,20306,1358.025976)
Edge(21202,20306,190.729997)
Edge(21202,20306,49.991349)
Edge(30705,0,2890.05934)
Edge(40101,0,2130.594026)
Edge(40101,0,1957.972418)
Edge(40101,0,3573.162093)
Edge(40101,0,2403.597958)
Edge(40101,0,1809.587579)
Edge(40101,0,2413.722247)
Edge(40101,0,433.433498)
Edge(40101,0,1187.162027)
Edge(40101,0,1343.944664)
Edge(40101,0,11.818992)
Edge(40101,0,578.12411)
Edge(40101,0,112.381993)
Edge(40101,0,896.704585)
Edge(40101,0,1635.249835)
Edge(40101,0,9.11532)
Edge(40101,0,36.740145)
Edge(40101,0,76.147232)
Edge(40101,0,1144.593577)
Edge(40101,0,147.292326)
Edge(40101,0,94.668739)
Edge(40101,0,212.33254)
Edge(40101,0,6.635801)
Edge(40101,0,81.003686)
Edge(40101,0,224.905584)
Edge(40101,0,301.785489)
Edge(40101,0,380.906723)
Edge(40101,0,600.898145)
Edge(40101,0,288.023234)
Edge(40101,0,254.394722)
Edge(40101,0,24.227495)
Edge(40101,0,22.726281)
Edge(40101,0,32.743261)
Edge(40101,0,67.656717)
Edge(40101,0,49.417444)
Edge(40101,0,58.472985)
Edge(40101,0,89.523484)
Edge(40101,0,170.884227)
Edge(40101,0,49.417552)
Edge(40101,0,98.36326)
Edge(40101,0,91.730988)
Edge(40101,0,100.265144)
Edge(40101,0,46.579574)
Edge(40101,0,208.566681)
Edge(40101,0,122.887524)
Edge(40101,0,28.755202)
Edge(40101,0,40.547703)
Edge(40101,0,88.91117)
Edge(40101,0,300.075411)
Edge(40101,0,55.881916)
Edge(40101,0,80.70498)
Edge(40201,0,824.245849)
Edge(40201,0,67.003286)
Edge(40201,0,642.240911)
Edge(40401,40201,78.89813)
Edge(40401,40201,184.510385)
Edge(40401,40201,299.445498)
Edge(40401,40201,82.298177)
Edge(40401,40201,183.466747)
Edge(40401,40201,573.461203)
Edge(40401,40201,212.062263)
Edge(40401,40201,95.813723)
Edge(40401,40201,90.692033)
Edge(40401,40201,94.644115)
Edge(40401,40201,96.803199)
Edge(40401,40201,93.564988)
Edge(40401,40201,88.175927)
Edge(40401,40201,94.281362)
Edge(40401,40201,86.023561)
Edge(40401,40201,81.164139)
Edge(40401,40201,289.022322)
Edge(40401,40201,166.713908)
Edge(40401,40201,93.088168)
Edge(40401,40201,63.413137)
Edge(40401,40201,115.32765)
Edge(40401,40201,98.237245)
Edge(40401,40201,12.540902)
Edge(40401,40201,73.86809)
Edge(40401,40201,73.868125)
Edge(40401,40201,55.004166)
Edge(40401,40201,134.175425)
Edge(40401,40201,240.042296)
Edge(40401,40201,47.607291)
Edge(40401,40201,335.664035)
Edge(40401,40201,23.63564)
Edge(40401,40201,64.900679)
Edge(40401,40201,100.764158)
Edge(40401,40201,14.419387)
Edge(40401,60115,28.317462)
Edge(40401,60115,97.508319)
Edge(40401,60115,95.17739)
Edge(40401,60115,95.428935)
Edge(40401,60115,92.321348)
Edge(40401,60115,286.664774)
Edge(40401,60115,746.66123)
Edge(40401,60115,222.613541)
Edge(40401,60115,211.188294)
Edge(40401,60115,46.405579)
Edge(40401,60115,29.497747)
Edge(40401,60115,73.193882)
Edge(40401,60115,193.657707)
Edge(40401,60115,89.869949)
Edge(40401,60115,70.602018)
Edge(40401,60115,85.167471)
Edge(40401,60115,185.165702)
Edge(40401,60115,48.309368)
Edge(40401,60115,460.129822)
Edge(40401,60115,548.774796)
Edge(40401,60115,412.957102)
Edge(40401,60115,568.290841)
Edge(40401,60115,150.291053)
Edge(40401,60115,198.891431)
Edge(60108,0,603.241929)
Edge(60108,0,137.144755)
Edge(60108,0,228.905297)
Edge(60108,0,113.040218)
Edge(60108,0,236.228963)
Edge(60108,0,85.742781)
Edge(60108,0,105.313547)
Edge(60108,0,257.150807)
Edge(60108,0,188.452717)
Edge(60108,0,276.944629)
Edge(60108,0,145.159616)
Edge(60108,0,149.391211)
Edge(60108,0,94.400555)
Edge(60108,0,967.217629)
Edge(60108,0,24.953044)
Edge(60108,0,537.965718)
Edge(60108,0,120.840089)
Edge(60108,0,154.382913)
Edge(60108,0,92.868135)
Edge(60108,0,93.937103)
Edge(60108,0,170.478894)
Edge(60108,0,444.20762)
Edge(60108,0,181.761101)
Edge(60108,0,128.862797)
Edge(60108,0,397.669372)
Edge(60108,0,107.444313)
Edge(60108,0,56.456724)
Edge(60108,0,82.058438)
Edge(60108,0,53.771383)
Edge(60108,0,80.071083)
Edge(60108,0,178.806173)
Edge(60108,0,86.682788)
Edge(60108,0,87.715615)
Edge(60108,0,51.532926)
Edge(60108,0,232.998612)
Edge(60108,0,12.36269)
Edge(60108,0,197.33927)
Edge(60108,0,118.55018)
Edge(60108,0,52.204761)
Edge(60108,0,106.850777)
Edge(60108,0,153.649559)
Edge(60108,0,239.390312)
Edge(60108,0,290.228901)
Edge(60108,0,207.672842)
Edge(60108,0,310.707504)
Edge(60108,0,168.852512)
Edge(60108,0,26.314664)
Edge(60108,0,58.937293)
Edge(60108,0,172.179461)
Edge(60108,0,148.140455)
Edge(60108,0,228.630695)
Edge(60108,0,408.164896)
Edge(60108,0,156.063422)
Edge(60108,0,301.111343)
Edge(60108,0,63.352982)
Edge(60108,0,16.735135)
Edge(60108,0,39.77317)
Edge(60108,0,1142.705371)
Edge(60108,0,557.461538)
Edge(60108,0,618.342696)
Edge(60108,0,1103.13445)
Edge(60108,0,670.489581)
Edge(60108,0,580.799672)
Edge(60108,0,17.160746)
Edge(60108,0,51.773478)
Edge(60108,0,1114.26977)
Edge(60108,0,369.71307)
Edge(60108,0,345.099126)
Edge(60203,20201,2802.783555)
Edge(60203,20201,219.100447)
Edge(60203,20201,106.581506)
Edge(60203,20201,141.774582)
Edge(60203,20201,734.701126)
Edge(60203,20201,4609.373133)
Edge(60203,20201,2921.418959)
Edge(60203,20201,819.806078)
Edge(60203,20201,2125.662358)
Edge(60203,20201,712.840047)
Edge(60203,20201,739.20968)
Edge(60203,20201,3266.21946)
Edge(60203,20201,2684.092586)
Edge(60203,20201,2822.181367)
Edge(60203,20201,646.778845)
Edge(60203,20201,359.114416)
Edge(60203,20201,1134.68094)
Edge(60203,20201,946.187971)
Edge(60203,20201,215.211088)
Edge(60203,20201,523.251284)
Edge(60203,20201,2310.595182)
Edge(60203,20201,2541.24506)
Edge(60203,20201,1952.363492)
Edge(60203,20201,2896.457479)
Edge(60203,20201,93.945717)
Edge(60203,20201,98.294209)
Edge(60203,20201,430.537718)
Edge(60203,20201,301.959985)
Edge(60203,20201,152.327649)
Edge(60203,20201,672.52218)
Edge(60203,20201,492.391788)
Edge(60203,20201,133.852707)
Edge(60203,20201,454.910262)
Edge(60203,20201,207.559495)
Edge(60203,20201,638.560196)
Edge(60203,20201,107.509222)
Edge(60203,20201,58.482986)
Edge(60203,20201,104.754712)
Edge(60203,20201,104.09727)
Edge(60203,20201,82.19521)
Edge(60203,20201,98.733436)
Edge(60203,20201,589.39359)
Edge(60203,20201,596.301541)
Edge(60203,20201,119.808555)
Edge(60203,20201,469.694848)
Edge(60203,20201,755.713693)
Edge(60203,20201,158.00871)
Edge(60203,20201,190.287085)
Edge(60203,20201,47.687426)
Edge(60203,20201,63.387122)
Edge(60203,20201,221.808352)
Edge(60203,20201,41.41101)
Edge(60203,20201,151.690045)
Edge(60203,20201,228.693428)
Edge(60203,20201,1003.045907)
Edge(60203,20201,225.586019)
Edge(60203,20201,523.982474)
Edge(60203,20201,840.953757)
Edge(60203,20201,150.720246)
Edge(60203,20201,566.512503)
Edge(60203,20201,225.618652)
Edge(60203,20201,121.344719)
Edge(60203,20201,845.429514)
Edge(60203,20201,321.342635)
Edge(60203,20201,51.699474)
Edge(60203,20201,842.674166)
Edge(60203,20201,269.348195)
Edge(60203,20201,95.872787)
Edge(60203,20201,97.947087)
Edge(60203,20201,101.566089)
Edge(60203,20201,97.214937)
Edge(60203,20201,93.95365)
Edge(60203,20201,102.314132)
Edge(60203,20201,92.867015)
Edge(61102,21305,310.222711)
Edge(61102,21305,154.137439)
Edge(61102,21305,805.23262)
Edge(61102,21305,126.931094)
Edge(61102,21305,701.253031)
Edge(61102,21305,798.741636)
Edge(61102,21305,123.011332)
Edge(61102,21305,394.988124)
Edge(61102,21305,172.605001)
Edge(61102,21305,98.650074)
Edge(61102,21305,84.384945)
Edge(61102,21305,307.47591)
Edge(61102,21305,63.98735)
Edge(61102,21305,56.136003)
Edge(61102,21305,31.972542)
Edge(61102,21305,281.463855)
Edge(61102,21305,2408.759073)
Edge(61102,21305,2747.451914)
Edge(61102,21305,947.425606)
Edge(61102,21305,3034.875943)
Edge(61102,21305,3486.292965)
Edge(61102,21305,2413.356086)
