Edge(0,0,0.0)
Edge(0,10702,2216.694439)
Edge(0,10702,2694.07741)
Edge(0,10702,1171.328976)
Edge(0,10702,1696.028747)
Edge(0,10702,64.497426)
Edge(0,10702,93.240013)
Edge(0,10702,128.994823)
Edge(0,10702,150.01065)
Edge(0,10702,185.381814)
Edge(0,10702,2125.374744)
Edge(0,10702,792.323262)
Edge(0,10702,2633.223056)
Edge(0,10702,101.228634)
Edge(0,21002,2372.772306)
Edge(0,21002,2944.44054)
Edge(0,21002,278.872303)
Edge(0,21301,2267.793534)
Edge(0,21301,2244.005953)
Edge(0,21301,2060.232698)
Edge(0,21301,2697.883066)
Edge(0,21301,437.827978)
Edge(0,21301,2652.20074)
Edge(0,21301,730.752499)
Edge(0,21301,2688.267239)
Edge(0,21301,22.364824)
Edge(0,21301,1296.034127)
Edge(0,21301,966.553151)
Edge(0,21301,14.380694)
Edge(0,21301,1970.410483)
Edge(0,21301,2183.122293)
Edge(0,21301,2282.11279)
Edge(0,21301,1753.931457)
Edge(0,21301,2197.284857)
Edge(0,21301,86.851404)
Edge(0,21301,1928.122561)
Edge(0,21301,255.520691)
Edge(0,21301,2394.896238)
Edge(0,21301,2354.749629)
Edge(0,21301,2425.888015)
Edge(0,21301,3639.124953)
Edge(0,30504,781.561972)
Edge(0,30504,73.846193)
Edge(0,30504,101.312319)
Edge(0,30504,1366.945462)
Edge(0,30504,58.572095)
Edge(0,30504,1650.230062)
Edge(0,30504,221.141056)
Edge(0,30504,459.575052)
Edge(0,30504,2230.562866)
Edge(0,30504,528.713791)
Edge(0,30504,495.828287)
Edge(0,30504,747.677543)
Edge(0,30504,809.316404)
Edge(0,30504,712.556999)
Edge(0,30504,1528.813667)
Edge(0,30504,1782.41756)
Edge(0,30504,120.608823)
Edge(0,30504,2168.02848)
Edge(0,30504,1388.913849)
Edge(0,30504,27.358383)
Edge(0,30504,101.944071)
Edge(0,30504,327.581281)
Edge(0,30504,881.335746)
Edge(0,30504,652.504606)
Edge(0,30504,204.426129)
Edge(0,30504,2665.115335)
Edge(0,30504,944.336326)
Edge(0,30504,1839.660782)
Edge(0,30504,557.390489)
Edge(0,30504,388.566179)
Edge(0,30504,39.725461)
Edge(0,30504,187.208128)
Edge(0,30504,443.421349)
Edge(0,30504,68.328823)
Edge(0,30504,1306.63977)
Edge(0,30504,736.763421)
Edge(0,30504,2649.888696)
Edge(0,30504,1600.901546)
Edge(0,30504,673.956325)
Edge(0,30504,396.328596)
Edge(0,30504,105.893237)
Edge(0,30504,65.688471)
Edge(0,30504,106.655959)
Edge(0,30504,733.281061)
Edge(0,30504,1735.633683)
Edge(0,30504,258.128354)
Edge(0,30504,421.743923)
Edge(0,30504,2992.204469)
Edge(0,30504,631.208315)
Edge(0,30504,2153.18803)
Edge(0,30504,1013.748848)
Edge(0,30504,870.313823)
Edge(0,30504,616.502767)
Edge(0,30504,940.520991)
Edge(0,30504,441.966119)
Edge(0,30504,606.43811)
Edge(0,30504,42.042828)
Edge(0,30504,960.632142)
Edge(0,30504,11.935847)
Edge(0,30504,68.664591)
Edge(0,30504,3042.858586)
Edge(0,30504,91.078131)
Edge(0,30504,2520.230649)
Edge(0,30504,1204.24047)
Edge(0,30504,393.637954)
Edge(0,30504,17.137868)
Edge(0,30504,97.419741)
Edge(0,30504,650.6297)
Edge(0,30504,136.227342)
Edge(0,30504,135.847797)
Edge(0,30504,33.689772)
Edge(0,30504,647.685242)
Edge(0,30504,914.495391)
Edge(0,30504,693.528513)
Edge(0,30504,693.306035)
Edge(0,30504,346.748016)
Edge(0,30504,774.903734)
Edge(0,30504,113.037441)
Edge(0,30504,229.287032)
Edge(0,30504,652.926354)
Edge(0,30504,388.803256)
Edge(0,30504,284.172444)
Edge(0,30504,241.486315)
Edge(0,30504,49.044805)
Edge(0,30504,78.916809)
Edge(0,30504,112.084875)
Edge(0,30504,121.793411)
Edge(0,30504,71.445907)
Edge(0,30504,49.478971)
Edge(0,30504,84.502308)
Edge(0,30504,206.130979)
Edge(0,30504,120.669669)
Edge(0,30504,79.447397)
Edge(0,30504,69.326008)
Edge(0,30504,35.432514)
Edge(0,30504,113.127135)
Edge(0,30504,32.120791)
Edge(0,30504,71.669302)
Edge(0,30504,429.48578)
Edge(0,30504,67.882916)
Edge(0,30504,136.448854)
Edge(0,30504,155.213501)
Edge(0,30504,223.463994)
Edge(0,30504,504.302079)
Edge(0,30504,169.087187)
Edge(0,30504,193.489446)
Edge(0,30504,607.121407)
Edge(0,30504,133.481742)
Edge(0,30504,387.006479)
Edge(0,30504,221.085215)
Edge(0,30504,55.624691)
Edge(0,30504,361.499459)
Edge(0,30504,336.520956)
Edge(0,30504,220.949825)
Edge(0,30504,241.813286)
Edge(0,30504,580.832315)
Edge(0,30504,189.981243)
Edge(0,30504,172.329623)
Edge(0,30504,309.430412)
Edge(0,30504,18.781285)
Edge(0,30504,257.007381)
Edge(0,30504,70.526736)
Edge(0,30504,64.56098)
Edge(0,30504,39.827195)
Edge(0,30504,18.774453)
Edge(0,30504,684.505479)
Edge(0,30504,626.939273)
Edge(0,30504,494.588207)
Edge(0,30504,102.814077)
Edge(0,30504,172.745599)
Edge(0,30504,339.325448)
Edge(0,30504,97.507747)
Edge(0,30504,356.624877)
Edge(0,30504,92.260468)
Edge(0,30504,28.609605)
Edge(0,30504,315.908231)
Edge(0,30504,240.627443)
Edge(0,30504,570.640824)
Edge(0,30504,85.366554)
Edge(0,30504,340.940663)
Edge(0,30504,204.117032)
Edge(0,30504,191.631729)
Edge(0,30504,133.162779)
Edge(0,30504,43.926949)
Edge(0,30504,476.362997)
Edge(0,30504,1793.745649)
Edge(0,30504,1939.519445)
Edge(0,30504,84.809823)
Edge(0,30504,182.89522)
Edge(0,30504,105.950025)
Edge(0,30504,141.474425)
Edge(0,30504,387.289949)
Edge(0,30504,177.528859)
Edge(0,30504,559.783308)
Edge(0,30504,84.395575)
Edge(0,30504,115.672127)
Edge(0,30504,391.11616)
Edge(0,30504,2184.66423)
Edge(0,30504,15.393652)
Edge(0,30504,481.825734)
Edge(0,30504,152.207359)
Edge(0,30504,205.096658)
Edge(0,30504,554.989192)
Edge(0,30504,282.426756)
Edge(0,30504,70.308975)
Edge(0,30504,408.294537)
Edge(0,30504,219.03236)
Edge(0,30504,239.543075)
Edge(0,30504,23.54969)
Edge(0,30504,1824.205132)
Edge(0,30504,229.760746)
Edge(0,30504,226.146871)
Edge(0,30504,87.658496)
Edge(0,30504,22.232346)
Edge(0,30504,50.709602)
Edge(0,30504,850.491066)
Edge(0,30504,375.624134)
Edge(0,30504,1042.068077)
Edge(0,30504,1909.963268)
Edge(0,30504,399.155254)
Edge(0,30504,913.99007)
Edge(0,30504,1759.736667)
Edge(0,30504,148.085669)
Edge(0,30504,399.044867)
Edge(0,30504,392.009526)
Edge(0,30504,411.693948)
Edge(0,30504,122.361253)
Edge(0,30504,667.801531)
Edge(0,30504,174.181331)
Edge(0,30504,92.281332)
Edge(0,30504,104.251615)
Edge(0,30504,86.955555)
Edge(0,30504,131.374672)
Edge(0,30504,298.63789)
Edge(0,30504,726.255902)
Edge(0,30504,656.686477)
Edge(0,30504,646.479694)
Edge(0,30504,1964.546299)
Edge(0,30504,1054.67767)
Edge(0,30504,388.478627)
Edge(0,30504,610.509912)
Edge(0,30504,1596.214088)
Edge(0,30504,1362.596672)
Edge(0,30504,141.594465)
Edge(0,30504,1852.69317)
Edge(0,30504,1370.552917)
Edge(0,30504,744.23126)
Edge(0,30504,237.744288)
Edge(0,30504,159.178677)
Edge(0,30504,270.584609)
Edge(0,30504,114.940296)
Edge(0,30504,179.585529)
Edge(0,30504,698.673207)
Edge(0,30504,2746.237377)
Edge(0,30504,346.121868)
Edge(0,30504,25.243088)
Edge(0,30504,226.855753)
Edge(0,30504,118.343907)
Edge(0,30504,1053.072637)
Edge(0,30504,60.37975)
Edge(0,30504,316.552098)
Edge(0,30504,818.895691)
Edge(0,30504,484.112782)
Edge(0,30504,69.512767)
Edge(0,30504,406.315274)
Edge(0,30504,476.093536)
Edge(0,30504,657.206975)
Edge(0,30504,212.588661)
Edge(0,30504,2197.784608)
Edge(0,30504,224.748234)
Edge(0,30504,2768.0461)
Edge(0,30504,1570.336963)
Edge(0,30504,1360.640191)
Edge(0,30504,1111.006003)
Edge(0,30504,1744.546851)
Edge(0,30504,2446.62101)
Edge(0,30504,279.124116)
Edge(0,30504,382.057903)
Edge(0,30504,631.505302)
Edge(0,30504,1142.135091)
Edge(0,30504,492.860616)
Edge(0,30504,1576.056526)
Edge(0,30504,203.237448)
Edge(0,30504,183.282412)
Edge(0,30504,1268.690222)
Edge(0,30504,2302.737739)
Edge(0,30504,1161.537409)
Edge(0,30504,399.694269)
Edge(0,30504,2196.700312)
Edge(0,30504,1458.375699)
Edge(0,30504,216.909267)
Edge(0,30504,1310.204121)
Edge(0,30504,1709.430576)
Edge(0,30504,79.943922)
Edge(0,30504,2151.280217)
Edge(0,30504,171.78396)
Edge(0,30504,83.603862)
Edge(0,30504,1638.208604)
Edge(0,30504,2955.803859)
Edge(0,30504,156.055979)
Edge(0,30504,1987.747287)
Edge(0,30504,460.193857)
Edge(0,30504,3271.668736)
Edge(0,30504,912.889429)
Edge(0,30504,2427.78154)
Edge(0,30504,1238.949383)
Edge(0,30504,641.089837)
Edge(0,30504,734.99307)
Edge(0,30504,428.201795)
Edge(0,30504,84.513706)
Edge(0,30504,225.208487)
Edge(0,30504,1927.221101)
Edge(0,30504,2215.706426)
Edge(0,30504,243.509513)
Edge(0,30504,691.307186)
Edge(0,30504,1760.650556)
Edge(0,30504,1417.638196)
Edge(0,30504,1899.563384)
Edge(0,30504,1003.052017)
Edge(0,30504,629.800659)
Edge(0,30504,1796.433691)
Edge(0,30504,558.753048)
Edge(0,30504,336.195747)
Edge(0,30504,64.235553)
Edge(0,30504,966.521526)
Edge(0,30504,454.47402)
Edge(0,30504,2012.224504)
Edge(0,30504,1701.677657)
Edge(0,30504,3094.765555)
Edge(0,30504,598.317282)
Edge(0,30504,2061.228254)
Edge(0,30504,2785.366515)
Edge(0,30504,1500.636086)
Edge(0,30504,2785.703564)
Edge(0,30504,2582.362751)
Edge(0,30504,618.474748)
Edge(0,30504,2394.563997)
Edge(0,30504,1581.872579)
Edge(0,30504,2808.300709)
Edge(0,30504,2322.628998)
Edge(0,30504,2356.508528)
Edge(0,30504,368.189565)
Edge(0,30504,201.961307)
Edge(0,30504,106.69259)
Edge(0,30504,893.347167)
Edge(0,30504,748.728776)
Edge(0,30504,424.538544)
Edge(0,30504,292.644052)
Edge(0,30504,182.291486)
Edge(0,30504,198.257876)
Edge(0,30504,149.468359)
Edge(0,30504,909.385759)
Edge(0,30504,571.788742)
Edge(0,30504,23.364258)
Edge(0,30504,3525.395543)
Edge(0,30705,2588.884087)
Edge(0,30705,3316.416858)
Edge(0,30705,1212.883005)
Edge(0,50202,281.667992)
Edge(0,50202,232.369439)
Edge(0,50202,58.248257)
Edge(0,50202,38.731632)
Edge(0,50202,237.731461)
Edge(0,50202,173.020368)
Edge(0,50202,16.378551)
Edge(0,50202,173.039775)
Edge(0,50202,464.943614)
Edge(0,50202,184.466458)
Edge(0,50202,919.77802)
Edge(0,50202,555.561377)
Edge(0,50202,150.299792)
Edge(0,50202,191.059762)
Edge(0,50202,386.165985)
Edge(0,50202,1372.24291)
Edge(0,50202,867.916019)
Edge(0,50202,16.498009)
Edge(0,50202,86.445681)
Edge(0,50202,348.601672)
Edge(0,50202,103.047117)
Edge(0,50202,94.335527)
Edge(0,50202,223.200871)
Edge(0,50202,305.32543)
Edge(0,50202,505.134227)
Edge(0,50202,640.292061)
Edge(0,50202,28.080009)
Edge(0,50202,69.289548)
Edge(0,50202,254.870562)
Edge(0,50205,61.185621)
Edge(0,50205,1508.140024)
Edge(0,50205,429.804989)
Edge(0,50205,326.973485)
Edge(0,50205,306.860519)
Edge(0,50205,362.474011)
Edge(0,50205,2192.885468)
Edge(0,50205,1300.448271)
Edge(0,50205,376.009286)
Edge(0,50205,304.321727)
Edge(0,50205,464.219052)
Edge(0,50205,1603.669782)
Edge(0,50205,290.937331)
Edge(0,50205,199.414127)
Edge(0,50205,26.029932)
Edge(0,50205,711.365352)
Edge(0,50205,132.827666)
Edge(0,50205,497.475028)
Edge(0,50205,234.414533)
Edge(0,50205,93.670166)
Edge(0,50205,174.340794)
Edge(0,50205,1389.421339)
Edge(0,50205,778.455304)
Edge(0,50205,800.578256)
Edge(0,50205,253.468964)
Edge(0,50205,59.782682)
Edge(0,50205,56.943083)
Edge(0,50205,1552.021214)
Edge(0,50205,935.532214)
Edge(0,50205,1427.875334)
Edge(0,50205,1987.451903)
Edge(0,50205,282.633795)
Edge(0,50205,2174.303919)
Edge(0,50205,1090.833053)
Edge(0,50205,659.760991)
Edge(0,50205,1340.360575)
Edge(0,50205,160.118029)
Edge(0,50205,1084.762219)
Edge(0,50205,515.948327)
Edge(0,50205,219.202969)
Edge(0,50205,1102.344487)
Edge(0,50205,86.738389)
Edge(0,50205,89.530361)
Edge(0,50205,61.329515)
Edge(0,50205,1172.840545)
Edge(0,50205,923.095937)
Edge(0,50205,981.584267)
Edge(0,50205,2051.887757)
Edge(0,50205,81.017983)
Edge(0,50205,545.072323)
Edge(0,50205,26.577026)
Edge(0,50205,182.355032)
Edge(0,50205,407.833215)
Edge(0,50205,49.427961)
Edge(0,50205,123.469218)
Edge(0,50205,11.02662)
Edge(0,50205,55.803764)
Edge(0,50205,74.59727)
Edge(0,50205,89.182212)
Edge(0,50205,278.369831)
Edge(0,50205,1003.354943)
Edge(0,50205,391.35757)
Edge(0,50205,638.706903)
Edge(0,50205,1948.816426)
Edge(0,50205,2164.885577)
Edge(0,50205,163.002761)
Edge(0,50205,794.278744)
Edge(0,50205,1116.457142)
Edge(0,50205,1650.184561)
Edge(0,50205,192.115284)
Edge(0,50205,94.682647)
Edge(0,50205,90.409345)
Edge(0,50205,97.088088)
Edge(0,50205,85.380577)
Edge(0,50205,161.034997)
Edge(0,50205,865.420753)
Edge(0,50205,607.523337)
Edge(0,50205,59.789468)
Edge(0,50205,70.215591)
Edge(0,50205,928.93055)
Edge(0,50205,27.963469)
Edge(0,50205,536.388897)
Edge(0,50205,1385.335134)
Edge(0,50205,93.461739)
Edge(0,50205,164.513217)
Edge(0,50205,153.2278)
Edge(0,50205,115.144668)
Edge(0,50205,96.484177)
Edge(0,50205,70.957959)
Edge(0,50205,320.257223)
Edge(0,50205,168.086406)
Edge(0,50205,35.313195)
Edge(0,50205,144.928861)
Edge(0,50205,465.313948)
Edge(0,50205,615.784577)
Edge(0,50205,43.463608)
Edge(0,50205,94.862368)
Edge(0,50205,166.377646)
Edge(0,50205,12.870936)
Edge(0,50205,1214.187365)
Edge(0,50205,358.604253)
Edge(0,50205,450.817973)
Edge(0,50205,87.954587)
Edge(0,50205,84.18896)
Edge(0,50205,35.672838)
Edge(0,50205,45.833603)
Edge(0,50205,55.70577)
Edge(0,50205,60.936613)
Edge(0,50205,120.608868)
Edge(0,50205,81.125259)
Edge(0,50205,90.956554)
Edge(0,50205,96.554036)
Edge(0,50205,95.739694)
Edge(0,50205,100.583593)
Edge(0,50205,92.613045)
Edge(0,50205,89.382588)
Edge(0,50205,101.10351)
Edge(0,50205,131.674726)
Edge(0,50205,21.237756)
Edge(0,50205,61.963115)
Edge(0,50205,124.455654)
Edge(0,50205,73.127795)
Edge(0,50205,101.755266)
Edge(0,50205,200.153675)
Edge(0,50205,195.720624)
Edge(0,50205,67.894742)
Edge(0,50205,342.625198)
Edge(0,50205,93.853996)
Edge(0,50205,29.281847)
Edge(0,50205,122.854743)
Edge(0,50205,298.094136)
Edge(0,50205,85.572523)
Edge(0,50205,575.407531)
Edge(0,50205,355.189934)
Edge(0,50205,912.112946)
Edge(0,50205,468.586472)
Edge(0,50205,134.890498)
Edge(0,50205,123.567921)
Edge(0,50205,65.278195)
Edge(0,50503,308.212083)
Edge(0,50503,689.210162)
Edge(0,50503,544.274989)
Edge(0,50503,731.852052)
Edge(0,50503,78.58759)
Edge(0,50503,81.053794)
Edge(0,50503,111.841719)
Edge(0,50503,66.426805)
Edge(0,50503,201.79578)
Edge(0,50503,76.380647)
Edge(0,50503,76.545367)
Edge(0,50503,85.264663)
Edge(0,50503,447.967464)
Edge(0,50503,518.010911)
Edge(0,50503,317.833968)
Edge(0,50503,14.238424)
Edge(0,50503,2983.895416)
Edge(0,50503,1406.076445)
Edge(0,50503,659.355757)
Edge(0,50503,122.448255)
Edge(0,50503,323.152538)
Edge(0,50503,614.995037)
Edge(0,50503,2401.960368)
Edge(0,50503,485.629145)
Edge(0,50503,55.423457)
Edge(0,50503,1826.217767)
Edge(0,50503,2093.364688)
Edge(0,50503,876.653843)
Edge(0,50503,104.180682)
Edge(0,50503,305.826891)
Edge(0,50503,188.052582)
Edge(0,50503,2373.43873)
Edge(0,50503,93.441404)
Edge(0,50503,530.817057)
Edge(0,50503,116.631415)
Edge(0,50503,90.669563)
Edge(0,50503,89.018533)
Edge(0,50503,117.517827)
Edge(0,50503,105.706659)
Edge(0,50503,102.783528)
Edge(0,50503,110.76271)
Edge(0,50503,107.837648)
Edge(0,50503,106.387905)
Edge(0,50503,108.916231)
Edge(0,50503,101.766567)
Edge(0,50503,97.432403)
Edge(0,50503,97.783485)
Edge(0,50503,98.400964)
Edge(0,50503,99.795213)
Edge(0,50503,147.847846)
Edge(0,50503,717.555584)
Edge(0,50503,95.643429)
Edge(0,50503,860.211989)
Edge(0,50503,232.585736)
Edge(0,50503,168.505729)
Edge(0,50503,117.727649)
Edge(0,50503,340.540609)
Edge(0,50503,97.875957)
Edge(0,50503,2295.331118)
Edge(0,50503,101.235957)
Edge(0,50503,163.425835)
Edge(0,50503,414.610422)
Edge(0,50503,465.943879)
Edge(0,50503,453.697782)
Edge(0,50503,831.438189)
Edge(0,50503,1631.971551)
Edge(0,50503,1323.287546)
Edge(0,50704,2030.933964)
Edge(0,50704,792.793813)
Edge(0,50704,2040.360206)
Edge(0,50801,3001.972012)
Edge(0,50801,3287.270648)
Edge(0,50801,2216.371809)
Edge(0,50801,1056.849537)
Edge(0,50801,3786.795602)
Edge(0,50801,148.001046)
Edge(0,50801,116.713388)
Edge(0,50801,3114.245259)
Edge(0,50801,2677.86926)
Edge(0,50801,2555.771034)
Edge(0,50801,538.763371)
Edge(0,50801,455.890926)
Edge(0,50801,3462.875815)
Edge(0,50801,536.152612)
Edge(0,50801,1795.167881)
Edge(0,50801,129.034764)
Edge(0,50801,58.495779)
Edge(0,50801,3272.705552)
Edge(0,50801,1716.614346)
Edge(0,50801,342.791252)
Edge(0,50801,2186.792118)
Edge(0,50801,1395.649327)
Edge(0,50801,534.472791)
Edge(0,50801,185.764148)
Edge(0,50801,3067.392218)
Edge(0,50801,138.691912)
Edge(0,50801,2593.185611)
Edge(0,50801,784.448361)
Edge(0,50801,1154.612554)
Edge(0,50801,206.669406)
Edge(0,50801,197.374458)
Edge(0,50801,77.374985)
Edge(0,50801,19.138396)
Edge(0,50801,108.749941)
Edge(0,50801,236.75598)
Edge(0,50801,152.957968)
Edge(0,50801,54.832188)
Edge(0,50801,298.620131)
Edge(0,50801,264.868891)
Edge(0,50801,47.714125)
Edge(0,50801,51.91587)
Edge(0,50801,2182.407936)
Edge(0,60103,240.219202)
Edge(0,60103,112.471029)
Edge(0,60103,121.025014)
Edge(0,60103,262.096857)
Edge(0,60103,2652.608745)
Edge(0,60103,1444.328027)
Edge(0,60103,1086.519477)
Edge(0,60103,1719.38529)
Edge(0,60103,2162.424475)
Edge(0,60106,794.352069)
Edge(0,60106,770.54054)
Edge(0,60106,872.972295)
Edge(0,60106,2197.383764)
Edge(0,60106,3382.588822)
Edge(0,60106,258.61328)
Edge(0,60106,2093.716025)
Edge(0,60106,2761.396856)
Edge(0,60107,1384.695961)
Edge(0,60107,3155.541011)
Edge(0,60107,2264.247165)
Edge(0,60107,2605.633354)
Edge(0,60107,2788.929117)
Edge(0,60107,2518.542071)
Edge(0,60401,133.633792)
Edge(0,60401,234.279754)
Edge(0,60401,83.539038)
Edge(0,60401,72.56754)
Edge(0,60401,846.330885)
Edge(0,60401,492.610074)
Edge(0,60401,209.697416)
Edge(0,60401,135.526416)
Edge(0,60401,146.059438)
Edge(0,60401,89.831973)
Edge(0,60401,167.829793)
Edge(0,60401,968.463839)
Edge(0,60401,2083.629624)
Edge(0,60401,211.209499)
Edge(0,60401,953.643457)
Edge(20201,0,412.831906)
Edge(20201,0,191.722638)
Edge(20201,0,767.852337)
Edge(20201,0,329.126254)
Edge(20201,0,57.984251)
Edge(20201,0,1100.424505)
Edge(20201,0,99.150999)
Edge(20201,0,2326.666339)
Edge(20201,0,1546.80874)
Edge(20201,0,97.313325)
Edge(20201,0,140.110625)
Edge(20201,0,1614.561506)
Edge(20201,0,1348.565287)
Edge(20201,0,448.726253)
Edge(20201,0,219.069014)
Edge(20602,0,572.8049)
Edge(20602,0,1946.523094)
Edge(20602,0,1842.18211)
Edge(20602,0,1702.62126)
Edge(20602,0,140.640663)
Edge(20602,0,3148.866603)
Edge(20602,0,1937.92812)
Edge(20602,0,2080.753752)
Edge(20602,0,969.635682)
Edge(20602,0,2076.006842)
Edge(20602,0,1025.385166)
Edge(20703,0,2748.692236)
Edge(20703,0,2256.477252)
Edge(20703,0,821.834757)
Edge(20703,0,827.880875)
Edge(20703,0,2074.868286)
Edge(20703,0,2717.525591)
Edge(20703,0,3332.571867)
Edge(20703,0,2345.055513)
Edge(20703,0,3192.922163)
Edge(20703,0,2157.837158)
Edge(20703,0,736.34047)
Edge(20703,0,2360.354129)
Edge(20703,0,3403.619914)
Edge(20703,0,1128.738454)
Edge(20703,0,220.48178)
Edge(20703,0,215.832222)
Edge(20703,0,173.817253)
Edge(20703,0,231.092229)
Edge(20703,0,115.840827)
Edge(20703,0,162.313397)
Edge(20703,0,3237.301288)
Edge(20703,0,2793.673219)
Edge(20703,0,2671.62777)
Edge(20904,0,1599.085405)
Edge(21002,0,806.024486)
Edge(21002,0,147.658015)
Edge(21002,0,2396.342514)
Edge(21002,0,711.792302)
Edge(21002,0,80.742108)
Edge(21002,0,103.086259)
Edge(21002,0,95.844382)
Edge(21002,0,19.441807)
Edge(21002,0,71.175799)
Edge(21002,0,12.438807)
Edge(21002,0,198.132015)
Edge(21002,0,14.801042)
Edge(21002,0,90.095691)
Edge(21002,0,102.31358)
Edge(21002,0,112.709986)
Edge(21002,0,91.517435)
Edge(21002,0,110.067286)
Edge(21002,0,213.517652)
Edge(21002,0,293.135342)
Edge(21002,0,95.695944)
Edge(21002,0,1242.407428)
Edge(21002,0,2026.961787)
Edge(21002,0,1045.487282)
Edge(21002,0,367.372756)
Edge(21002,0,1882.776261)
Edge(21002,0,2066.53626)
Edge(21002,0,2069.853232)
Edge(21002,0,933.831018)
Edge(21002,0,1113.394986)
Edge(21002,0,1964.444955)
Edge(21002,0,72.317815)
Edge(21002,0,2155.96437)
Edge(21002,0,359.40753)
Edge(21002,0,2056.943327)
Edge(21002,0,184.11564)
Edge(21002,0,243.514296)
Edge(21002,0,2127.36167)
Edge(21002,0,2152.891939)
Edge(21002,0,118.038855)
Edge(21002,0,1398.820212)
Edge(21002,0,2928.448221)
Edge(21002,0,216.171852)
Edge(21002,0,1798.559015)
Edge(21002,0,2164.835489)
Edge(21002,0,684.609428)
Edge(21002,0,188.465234)
Edge(21002,0,429.164684)
Edge(21002,0,532.664277)
Edge(21002,0,2112.637334)
Edge(21002,0,266.961401)
Edge(21002,0,2163.699949)
Edge(21002,0,303.015638)
Edge(21002,0,1893.516379)
Edge(21002,0,1235.643816)
Edge(21002,0,308.670986)
Edge(21002,0,221.892838)
Edge(21002,0,116.916575)
Edge(21002,0,2057.840832)
Edge(21002,0,993.05948)
Edge(21002,0,181.786184)
Edge(21002,0,131.394255)
Edge(21002,0,62.127941)
Edge(21002,0,39.151003)
Edge(21002,0,1220.060721)
Edge(21002,0,2185.09973)
Edge(21002,0,466.768312)
Edge(21002,0,1968.456201)
Edge(21002,0,166.548653)
Edge(21002,0,38.04088)
Edge(21002,0,2171.839506)
Edge(21002,0,2024.75413)
Edge(21002,0,856.61403)
Edge(21002,0,1195.155763)
Edge(21002,0,36.488032)
Edge(21002,0,175.253564)
Edge(21002,0,198.420802)
Edge(21004,0,2553.705862)
Edge(21004,0,1471.983643)
Edge(21004,0,2051.282854)
Edge(21004,0,2034.085444)
Edge(21004,0,2289.225175)
Edge(21004,0,2412.140541)
Edge(21004,0,3052.931035)
Edge(21004,0,3406.68859)
Edge(21004,0,2224.410001)
Edge(21004,0,2215.440873)
Edge(21004,0,1260.202741)
Edge(21004,0,1338.706152)
Edge(21004,0,58.078022)
Edge(21006,0,2055.248265)
Edge(21006,0,3272.945596)
Edge(21012,30705,2222.544251)
Edge(21012,30705,2812.326189)
Edge(21012,30705,2196.519289)
Edge(21012,30705,2594.384327)
Edge(21012,30705,2964.728846)
Edge(21012,30705,2643.702776)
Edge(21012,30705,3282.918345)
Edge(21012,30705,2249.394892)
Edge(21012,30705,2060.368354)
Edge(21012,30705,1915.559037)
Edge(21012,30705,1876.956362)
Edge(21301,0,2516.252193)
Edge(21301,0,897.603633)
Edge(21301,0,2398.536098)
Edge(21301,0,1687.180801)
Edge(21301,0,2159.268278)
Edge(21301,0,67.094491)
Edge(21301,0,81.462245)
Edge(21301,0,190.041444)
Edge(21301,0,110.958794)
Edge(21301,0,81.627385)
Edge(21301,0,91.156909)
Edge(21301,0,2305.532127)
Edge(21301,0,266.402636)
Edge(21301,0,244.965091)
Edge(21301,0,53.981478)
Edge(21401,0,1410.874149)
Edge(21401,0,2051.650065)
Edge(21401,0,2083.097566)
Edge(21401,0,1559.690261)
Edge(21401,0,803.617909)
Edge(21401,0,2998.21141)
Edge(21404,0,117.12785)
Edge(21404,0,2327.843266)
Edge(21404,0,2614.264596)
Edge(21404,0,2505.240672)
Edge(21404,0,2440.382135)
Edge(21404,0,36.402813)
Edge(21404,0,3347.674508)
Edge(21404,0,259.81879)
Edge(30504,0,2111.354818)
Edge(30504,0,2287.625051)
Edge(30504,0,3439.638923)
Edge(30504,0,2437.345757)
Edge(30504,0,3179.234363)
Edge(30504,0,369.188152)
Edge(30504,0,1934.768252)
Edge(30504,0,117.211748)
Edge(30504,0,131.137362)
Edge(30504,0,778.761891)
Edge(30504,0,290.888732)
Edge(30504,0,52.563437)
Edge(30504,0,78.585828)
Edge(30504,0,237.618053)
Edge(30504,0,214.741932)
Edge(30504,0,244.05475)
Edge(30504,0,123.784395)
Edge(30504,0,351.401548)
Edge(30504,0,54.390439)
Edge(30504,0,261.723143)
Edge(30504,0,225.897687)
Edge(30504,0,148.066357)
Edge(30504,0,37.681379)
Edge(30504,0,468.30018)
Edge(30504,0,316.682235)
Edge(30504,0,74.781851)
Edge(30504,0,98.247009)
Edge(30504,0,98.740732)
Edge(30504,0,93.925461)
Edge(30504,0,114.810595)
Edge(30504,0,98.249438)
Edge(30504,0,94.671245)
Edge(30504,0,87.756394)
Edge(30504,0,67.303894)
Edge(30504,0,72.22819)
Edge(30504,0,91.836193)
Edge(30504,0,96.210727)
Edge(30504,0,94.195106)
Edge(30504,0,98.399641)
Edge(30504,0,73.685229)
Edge(30504,0,74.934213)
Edge(30504,0,79.473653)
Edge(30504,0,85.446078)
Edge(30504,0,117.487606)
Edge(30504,60113,328.84731)
Edge(30504,60113,1493.642039)
Edge(30504,60113,2398.616002)
Edge(30504,60113,2146.796343)
Edge(30504,60113,274.812922)
Edge(30504,60113,51.553046)
Edge(30504,60113,237.612291)
Edge(30504,60113,1209.44628)
Edge(30504,60113,88.523555)
Edge(30504,60113,42.346323)
Edge(30504,60113,505.677409)
Edge(30504,60113,186.299624)
Edge(30504,60113,141.691963)
Edge(30504,60113,347.337283)
Edge(30504,60113,1364.053593)
Edge(30504,60113,285.241251)
Edge(30504,60113,60.911816)
Edge(30504,60113,16.436182)
Edge(30504,60113,546.043008)
Edge(30504,60113,497.838986)
Edge(30504,60113,282.165309)
Edge(30504,60113,93.95724)
Edge(30504,60113,577.198885)
Edge(30504,60113,666.777368)
Edge(30504,60113,32.72239)
Edge(30504,60113,125.572726)
Edge(30504,60113,53.951037)
Edge(30504,60113,752.136418)
Edge(30504,60113,250.181861)
Edge(30504,60113,324.642695)
Edge(50101,0,20.810459)
Edge(50101,0,476.143344)
Edge(50101,0,50.332482)
Edge(50101,0,50.332449)
Edge(50101,0,54.753429)
Edge(50101,0,103.181262)
Edge(50101,0,114.044187)
Edge(50101,0,238.984093)
Edge(50101,0,447.376311)
Edge(50101,0,308.844931)
Edge(50101,0,1103.792017)
Edge(50101,0,471.448385)
Edge(50101,0,372.12012)
Edge(50101,0,44.852692)
Edge(50101,0,73.040305)
Edge(50101,0,113.180424)
Edge(50101,0,105.758993)
Edge(50101,0,329.688132)
Edge(50101,0,2323.636318)
Edge(50101,0,836.729659)
Edge(50101,0,400.303991)
Edge(50101,0,737.337758)
Edge(50101,0,954.136417)
Edge(50101,0,180.052535)
Edge(50101,0,17.914322)
Edge(50101,0,142.472724)
Edge(50101,0,143.244366)
Edge(50101,0,387.668418)
Edge(50101,0,1260.050064)
Edge(50101,0,212.157157)
Edge(50101,0,38.161406)
Edge(50101,0,657.416868)
Edge(50101,0,869.304612)
Edge(50101,0,353.6739)
Edge(50101,0,186.036535)
Edge(50101,0,21.722985)
Edge(50101,0,111.319035)
Edge(50101,0,14.75361)
Edge(50101,0,383.73012)
Edge(50101,0,394.170901)
Edge(50101,0,631.906916)
Edge(50101,0,884.900077)
Edge(50101,0,233.74725)
Edge(50101,0,116.950442)
Edge(50101,0,108.23288)
Edge(50101,0,109.318852)
Edge(50101,0,99.796017)
Edge(50101,0,107.007739)
Edge(50101,0,143.1546)
Edge(50101,0,82.645613)
Edge(50101,0,308.75507)
Edge(50101,0,161.415812)
Edge(50101,0,285.699178)
Edge(50101,0,169.147458)
Edge(50101,0,51.497017)
Edge(50101,0,53.960812)
Edge(50101,0,70.204045)
Edge(50101,0,798.343207)
Edge(50101,0,89.244916)
Edge(50101,0,139.530866)
Edge(50101,0,118.795364)
Edge(50101,0,56.423612)
Edge(50101,0,163.322317)
Edge(50101,0,761.943596)
Edge(50101,0,127.115356)
Edge(50101,0,140.578847)
Edge(50101,0,436.533326)
Edge(50101,0,51.78297)
Edge(50101,0,105.507204)
Edge(50101,0,128.229051)
Edge(50101,0,1468.832147)
Edge(50101,0,349.698425)
Edge(50101,0,89.410823)
Edge(50101,0,13.830382)
Edge(50101,0,326.89487)
Edge(50101,0,26.170701)
Edge(50101,0,291.939947)
Edge(50101,0,24.830928)
Edge(50101,0,63.250329)
Edge(50101,0,109.68286)
Edge(50101,0,496.704787)
Edge(50101,0,797.633943)
Edge(50101,0,457.607526)
Edge(50101,0,97.990175)
Edge(50101,0,371.956509)
Edge(50101,0,111.221947)
Edge(50101,0,118.37754)
Edge(50101,0,849.36623)
Edge(50101,0,1371.992572)
Edge(50101,0,143.834457)
Edge(50101,0,1587.347333)
Edge(50101,0,67.906941)
Edge(50101,0,128.320196)
Edge(50101,0,805.926218)
Edge(50101,0,59.081475)
Edge(50101,0,192.000876)
Edge(50101,0,1062.781097)
Edge(50101,0,1607.479498)
Edge(50101,0,284.02982)
Edge(50101,0,639.756788)
Edge(50101,0,10.096911)
Edge(50101,0,76.969316)
Edge(50101,0,73.505525)
Edge(50101,0,454.130461)
Edge(50101,0,429.88322)
Edge(50101,0,921.794425)
Edge(50101,0,453.898013)
Edge(50101,0,1207.462102)
Edge(50101,0,710.400124)
Edge(50101,0,48.159093)
Edge(50101,0,39.695481)
Edge(50101,0,74.419031)
Edge(50101,0,61.998654)
Edge(50101,0,1855.046556)
Edge(50101,0,531.066163)
Edge(50101,0,96.31299)
Edge(50101,0,73.126378)
Edge(50101,0,116.120509)
Edge(50101,0,36.119537)
Edge(50101,0,853.961816)
Edge(50101,0,37.038521)
Edge(50101,0,668.426476)
Edge(50101,0,944.728757)
Edge(50101,0,1371.504092)
Edge(50101,0,1964.966295)
Edge(50101,0,2151.112843)
Edge(50101,0,398.490271)
Edge(50101,0,343.95994)
Edge(50101,0,20.453686)
Edge(50101,0,217.703168)
Edge(50101,0,204.892666)
Edge(50101,0,114.629392)
Edge(50101,0,106.112955)
Edge(50101,0,568.32575)
Edge(50101,0,345.174677)
Edge(50101,0,89.344332)
Edge(50101,0,355.520574)
Edge(50101,0,105.873895)
Edge(50101,0,478.357002)
Edge(50101,0,105.333126)
Edge(50101,0,1101.481667)
Edge(50101,0,281.911567)
Edge(50101,0,211.611135)
Edge(50101,0,281.424579)
Edge(50101,0,213.743697)
Edge(50101,0,21.668658)
Edge(50101,0,754.693036)
Edge(50101,0,908.295179)
Edge(50101,0,33.744608)
Edge(50101,0,133.244575)
Edge(50101,0,79.1905)
Edge(50101,0,157.516894)
Edge(50101,0,94.175414)
Edge(50101,0,69.036299)
Edge(50101,0,102.780716)
Edge(50101,0,84.700608)
Edge(50101,0,132.758703)
Edge(50101,0,43.745593)
Edge(50101,0,293.748417)
Edge(50101,0,380.664268)
Edge(50101,0,21.87269)
Edge(50101,0,249.651572)
Edge(50101,0,611.087452)
Edge(50101,0,2183.009934)
Edge(50101,0,127.791545)
Edge(50101,0,161.406838)
Edge(50101,0,73.476502)
Edge(50101,0,170.213009)
Edge(50101,0,47.937263)
Edge(50101,0,385.255283)
Edge(50101,0,1483.400998)
Edge(50101,0,49.788011)
Edge(50101,0,71.916082)
Edge(50101,0,68.596842)
Edge(50101,0,70.94518)
Edge(50101,0,264.429743)
Edge(50101,0,95.019745)
Edge(50101,0,118.747524)
Edge(50101,0,97.495548)
Edge(50101,0,95.328633)
Edge(50101,0,94.555145)
Edge(50101,0,113.737983)
Edge(50101,0,301.982511)
Edge(50101,0,137.896302)
Edge(50101,0,172.519096)
Edge(50101,0,699.41216)
Edge(50101,0,423.601812)
Edge(50101,0,325.83262)
Edge(50101,0,69.35056)
Edge(50101,0,144.744546)
Edge(50101,0,89.159115)
Edge(50101,0,220.848225)
Edge(50101,0,151.885346)
Edge(50101,0,29.098412)
Edge(50101,0,246.846493)
Edge(50101,0,496.801718)
Edge(50101,0,243.275941)
Edge(50101,0,1530.656285)
Edge(50101,0,104.672887)
Edge(50101,0,115.413681)
Edge(50101,0,68.970486)
Edge(50101,0,779.787961)
Edge(50101,0,941.60528)
Edge(50101,0,1350.122917)
Edge(50101,0,2195.670585)
Edge(50101,0,723.189857)
Edge(50101,0,369.078158)
Edge(50101,0,428.447021)
Edge(50101,0,107.58132)
Edge(50101,0,386.857044)
Edge(50101,0,946.211969)
Edge(50101,0,960.731407)
Edge(50101,0,735.553244)
Edge(50101,0,1079.557459)
Edge(50101,0,877.436756)
Edge(50101,0,996.060798)
Edge(50101,0,1858.485331)
Edge(50101,0,364.499695)
Edge(50101,0,1122.151913)
Edge(50101,0,182.722962)
Edge(50101,0,2372.166616)
Edge(50101,0,1649.346168)
Edge(50101,0,865.923585)
Edge(50101,0,334.809076)
Edge(50101,0,1352.387772)
Edge(50101,0,2553.156684)
Edge(50101,0,2534.935918)
Edge(50101,0,2879.639411)
Edge(50101,0,2652.256346)
Edge(50101,0,1062.102404)
Edge(50101,0,1249.44671)
Edge(50101,0,13504.941919)
Edge(50101,0,412.764137)
Edge(50101,0,942.092024)
Edge(50101,0,1027.147984)
Edge(50101,0,1377.174911)
Edge(50101,0,217.937235)
Edge(50101,0,12.826839)
Edge(50101,0,594.209098)
Edge(50101,0,129.93206)
Edge(50101,0,214.141235)
Edge(50101,0,12.827019)
Edge(50101,0,97.01603)
Edge(50101,0,737.142218)
Edge(50101,0,342.95905)
Edge(50101,0,621.357686)
Edge(50101,0,98.608276)
Edge(50101,0,102.515128)
Edge(50101,0,95.70469)
Edge(50101,0,113.072994)
Edge(50101,0,169.150923)
Edge(50101,0,91.749925)
Edge(50101,0,98.186033)
Edge(50101,0,67.70317)
Edge(50101,0,253.966848)
Edge(50101,0,147.195841)
Edge(50101,0,79.493526)
Edge(50101,0,56.442174)
Edge(50101,0,107.097933)
Edge(50101,0,70.63396)
Edge(50101,0,303.382153)
Edge(50101,0,450.029392)
Edge(50101,0,84.366557)
Edge(50101,0,96.14031)
Edge(50101,0,100.634724)
Edge(50101,0,96.188346)
Edge(50101,0,102.514259)
Edge(50101,0,222.804272)
Edge(50101,0,78.542077)
Edge(50101,0,235.587531)
Edge(50101,0,109.952499)
Edge(50101,0,66.294273)
Edge(50101,0,110.53768)
Edge(50101,0,109.952303)
Edge(50101,0,128.763081)
Edge(50101,0,193.804005)
Edge(50101,0,181.242056)
Edge(50101,0,2827.388403)
Edge(50101,0,250.938931)
Edge(50101,0,939.597661)
Edge(50101,0,2162.696077)
Edge(50101,0,497.611868)
Edge(50101,0,1274.295752)
Edge(50101,0,691.166549)
Edge(50101,0,491.451344)
Edge(50101,0,1276.05511)
Edge(50101,0,81.15932)
Edge(50101,0,53.367356)
Edge(50101,0,45.138934)
Edge(50101,0,259.332818)
Edge(50101,0,98.945026)
Edge(50101,0,91.919249)
Edge(50101,0,109.028834)
Edge(50101,0,144.129275)
Edge(50101,0,107.260025)
Edge(50101,0,703.458419)
Edge(50101,0,101.349077)
Edge(50101,0,126.43443)
Edge(50101,0,2316.655556)
Edge(50101,0,135.879613)
Edge(50101,0,250.173222)
Edge(50101,0,395.451386)
Edge(50101,0,390.34837)
Edge(50101,0,1288.398223)
Edge(50101,0,628.507871)
Edge(50101,0,538.06532)
Edge(50101,0,2123.467618)
Edge(50101,0,1234.472242)
Edge(50101,0,1593.731996)
Edge(50101,0,180.935699)
Edge(50101,0,1499.354844)
Edge(50101,0,434.498903)
Edge(50101,0,2482.327275)
Edge(50101,0,75.868368)
Edge(50101,0,1185.827579)
Edge(50101,0,133.056139)
Edge(50101,0,54.566619)
Edge(50101,0,412.913381)
Edge(50101,0,114.626576)
Edge(50101,0,712.403511)
Edge(50101,0,213.381517)
Edge(50101,0,2159.606711)
Edge(50101,0,1396.818289)
Edge(50101,0,279.487428)
Edge(50101,0,2093.979344)
Edge(50101,0,2556.838055)
Edge(50101,0,2358.254437)
Edge(50101,0,588.209563)
Edge(50101,0,769.041734)
Edge(50101,0,340.713467)
Edge(50101,0,43.912164)
Edge(50101,0,2117.967286)
Edge(50101,0,825.36204)
Edge(50101,0,1325.119505)
Edge(50101,0,388.789652)
Edge(50101,0,569.554096)
Edge(50101,0,344.24545)
Edge(50101,0,1397.185189)
Edge(50201,0,1180.363617)
Edge(50201,0,665.976531)
Edge(50201,0,2592.162227)
Edge(50201,0,3138.975337)
Edge(50201,0,2544.378665)
Edge(50201,0,955.686426)
Edge(50201,0,120.759557)
Edge(50201,0,88.029893)
Edge(50201,0,106.690222)
Edge(50201,0,78.999367)
Edge(50201,0,39.946944)
Edge(50201,0,71.021389)
Edge(50201,0,46.143314)
Edge(50201,0,33.546846)
Edge(50201,0,29.532502)
Edge(50201,0,61.978212)
Edge(50201,0,48.658544)
Edge(50201,0,33.352292)
Edge(50201,0,87.54107)
Edge(50201,0,80.612731)
Edge(50201,0,89.921689)
Edge(50201,0,90.173019)
Edge(50204,30107,303.516222)
Edge(50204,30107,531.963643)
Edge(50204,30107,917.580662)
Edge(50204,30107,15.81353)
Edge(50204,30107,298.254074)
Edge(50204,30107,2439.448644)
Edge(50204,30107,330.099383)
Edge(50204,30107,184.663838)
Edge(50204,30107,107.822248)
Edge(50204,30107,113.868808)
Edge(50204,30107,257.709012)
Edge(50204,30107,1070.196099)
Edge(50204,30107,653.139865)
Edge(50204,30107,88.834547)
Edge(50204,30107,3004.474958)
Edge(50204,30107,2093.670423)
Edge(50204,30107,43.601294)
Edge(50204,30107,348.995348)
Edge(50204,30107,118.434681)
Edge(50204,30107,97.462498)
Edge(50204,30107,111.198762)
Edge(50204,30107,157.771424)
Edge(50303,0,43.706399)
Edge(50303,0,24.858067)
Edge(50303,0,21.873264)
Edge(50303,0,140.628336)
Edge(50303,0,43.746331)
Edge(50303,0,253.376074)
Edge(50303,0,58.080736)
Edge(50303,0,304.452221)
Edge(50303,0,107.034577)
Edge(50303,0,842.394727)
Edge(50303,0,87.773832)
Edge(50303,0,61.386322)
Edge(50303,0,50.305331)
Edge(50303,0,356.236371)
Edge(50303,0,109.49727)
Edge(50303,0,55.686339)
Edge(50303,0,88.143011)
Edge(50303,0,196.606141)
Edge(50303,0,75.737956)
Edge(50303,0,95.019535)
Edge(50303,0,136.886245)
Edge(50303,0,1437.375149)
Edge(50303,0,743.455178)
Edge(50303,0,425.581853)
Edge(50303,0,112.03202)
Edge(50303,0,144.757951)
Edge(50303,0,43.603816)
Edge(50303,0,54.40302)
Edge(50303,0,47.137958)
Edge(50303,0,57.367972)
Edge(50303,0,80.016202)
Edge(50303,0,118.469806)
Edge(50303,0,10.880601)
Edge(50303,0,13.34799)
Edge(50303,0,240.1561)
Edge(50303,0,154.902662)
Edge(50303,0,276.680174)
Edge(50303,0,34.044048)
Edge(50303,0,376.643406)
Edge(50303,0,93.782631)
Edge(50303,0,1192.096199)
Edge(50303,0,41.736508)
Edge(50303,0,28.578101)
Edge(50303,0,257.564812)
Edge(50303,0,282.326696)
Edge(50303,0,163.038525)
Edge(50303,0,249.95461)
Edge(50303,0,73.964222)
Edge(50303,0,2635.45966)
Edge(50303,0,56.261218)
Edge(50303,0,1951.463078)
Edge(50303,0,248.180094)
Edge(50303,0,1055.767289)
Edge(50303,0,1375.165032)
Edge(50303,0,1357.206334)
Edge(50305,50304,253.404706)
Edge(50305,50304,1644.593248)
Edge(50305,50304,2183.225167)
Edge(50305,50304,610.185583)
Edge(50305,50304,102.091377)
Edge(50305,50304,694.825668)
Edge(50305,50304,95.328367)
Edge(50305,50304,196.663672)
Edge(50305,50304,99.965646)
Edge(50305,50304,95.211779)
Edge(50305,50304,539.097519)
Edge(50305,50304,591.966233)
Edge(50305,50304,353.015223)
Edge(50305,50304,62.781237)
Edge(50305,50304,420.432796)
Edge(50305,50304,107.026871)
Edge(50305,50304,92.941989)
Edge(50305,50304,49.898727)
Edge(50305,50304,47.690835)
Edge(50305,50304,109.888923)
Edge(50305,50304,1919.588054)
Edge(50305,50304,164.894441)
Edge(50305,50304,2793.907014)
Edge(50305,50304,994.619033)
Edge(50305,50304,1524.862255)
Edge(50305,50304,1661.845173)
Edge(50305,50304,2222.026561)
Edge(50305,50304,405.850608)
Edge(50305,50304,438.341157)
Edge(50305,50304,1867.359888)
Edge(50401,0,2083.050643)
Edge(50401,0,2040.121489)
Edge(50401,0,2394.997532)
Edge(50401,0,1609.527688)
Edge(50401,0,709.508735)
Edge(50401,0,162.182673)
Edge(50401,0,143.680652)
Edge(50401,0,115.027304)
Edge(50401,0,93.473449)
Edge(50401,0,82.632497)
Edge(50401,0,84.796192)
Edge(50401,0,115.296693)
Edge(50401,0,86.979228)
Edge(50401,0,73.013177)
Edge(50401,0,68.727711)
Edge(50401,0,83.12374)
Edge(50401,0,2218.075425)
Edge(50401,0,2612.034256)
Edge(50401,0,2034.943672)
Edge(50401,0,2453.08763)
Edge(50401,0,2707.754351)
Edge(50401,0,1075.303374)
Edge(50401,0,323.969797)
Edge(50401,0,88.324473)
Edge(50401,0,1482.727151)
Edge(50401,0,2552.238693)
Edge(50401,0,2606.703926)
Edge(50401,0,2457.994803)
Edge(50401,0,1970.380532)
Edge(50401,0,2207.346881)
Edge(50401,0,1908.819814)
Edge(50401,0,2429.628353)
Edge(50401,0,2276.804296)
Edge(50401,0,1972.095632)
Edge(50401,0,3320.071417)
Edge(50401,0,1610.336064)
Edge(50401,0,2154.398488)
Edge(50401,0,895.711507)
Edge(50401,0,2285.260711)
Edge(50401,0,1026.690116)
Edge(50401,0,2537.088908)
Edge(50401,0,426.384003)
Edge(50401,0,399.440075)
Edge(50401,0,1065.798687)
Edge(50401,0,188.91713)
Edge(50401,0,616.637504)
Edge(50401,0,1257.599692)
Edge(50401,0,240.004818)
Edge(50401,0,515.200994)
Edge(50401,0,1008.620497)
Edge(50401,0,2597.348744)
Edge(50401,0,1157.581953)
Edge(50401,0,227.475188)
Edge(50401,0,100.519485)
Edge(50401,0,1051.982526)
Edge(50401,0,511.066469)
Edge(50401,0,2040.476583)
Edge(50401,0,609.236832)
Edge(50401,0,2073.923105)
Edge(50401,0,2088.291548)
Edge(50401,0,2320.634131)
Edge(50401,0,70.064664)
Edge(50401,0,2257.562287)
Edge(50401,0,82.097877)
Edge(50401,0,72.216874)
Edge(50401,0,97.652108)
Edge(50401,0,45.567597)
Edge(50401,0,42.094984)
Edge(50401,0,67.800863)
Edge(50401,0,46.462973)
Edge(50401,0,137.462763)
Edge(50401,0,82.001417)
Edge(50401,0,195.753452)
Edge(50401,0,85.537058)
Edge(50401,0,71.817455)
Edge(50401,0,93.856163)
Edge(50401,0,65.494204)
Edge(50401,0,89.588527)
Edge(50401,0,79.823373)
Edge(50401,0,68.376792)
Edge(50401,0,79.46229)
Edge(50401,0,413.242483)
Edge(50401,0,55.010008)
Edge(50401,0,54.217765)
Edge(50401,0,120.825678)
Edge(50401,0,52.555971)
Edge(50401,0,55.701625)
Edge(50401,0,2167.627989)
Edge(50401,0,1077.290056)
Edge(50401,0,1240.492929)
Edge(50401,0,2458.225336)
Edge(50501,40401,102.495589)
Edge(50501,40401,94.617563)
Edge(50501,40401,99.135346)
Edge(50501,40401,2704.140138)
Edge(50501,40401,56.834803)
Edge(50501,40401,140.034817)
Edge(50501,40401,675.814897)
Edge(50501,40401,39.10561)
Edge(50501,40401,65.652194)
Edge(50501,40401,61.680243)
Edge(50501,40401,58.591826)
Edge(50501,40401,64.892576)
Edge(50501,40401,101.266261)
Edge(50501,40401,96.748747)
Edge(50501,40401,84.263448)
Edge(50501,40401,50.763081)
Edge(50501,40401,65.651978)
Edge(50501,40401,121.43202)
Edge(50501,40401,122.029547)
Edge(50501,40401,123.121598)
Edge(50501,40401,364.558954)
Edge(50501,40401,120.911914)
Edge(50501,40401,387.247067)
Edge(50501,40401,1058.253671)
Edge(50501,40401,911.893601)
Edge(50501,40401,337.328125)
Edge(50501,40401,1148.160321)
Edge(50501,40401,1713.018883)
Edge(50501,40401,453.786416)
Edge(50501,40401,1768.929393)
Edge(50501,40401,2437.122555)
Edge(50501,40401,899.031165)
Edge(50501,40401,1373.995175)
Edge(50501,40401,1550.917564)
Edge(50501,40401,6.227278)
Edge(50501,40401,650.271859)
Edge(50501,40401,2122.94507)
Edge(50501,40401,493.330033)
Edge(50501,40401,499.532118)
Edge(50501,40401,233.905198)
Edge(50501,40401,139.473069)
Edge(50501,40401,303.446322)
Edge(50501,40401,109.21114)
Edge(50501,40401,155.319321)
Edge(50501,40401,283.458546)
Edge(50501,40401,234.397939)
Edge(50501,40401,68.233446)
Edge(50501,40401,54.802943)
Edge(50501,40401,741.247332)
Edge(50501,40401,909.346479)
Edge(50501,40401,264.211791)
Edge(50501,40401,111.202568)
Edge(50501,40401,2024.205573)
Edge(50501,40401,249.90659)
Edge(50501,40401,113.082737)
Edge(50501,40401,58.946449)
Edge(50501,40401,1027.627013)
Edge(50501,40401,21.867588)
Edge(50501,40401,154.320827)
Edge(50501,40401,434.044872)
Edge(50501,40401,956.662643)
Edge(50501,40401,99.972615)
Edge(50501,40401,94.14349)
Edge(50501,40401,95.111131)
Edge(50501,40401,101.041726)
Edge(50501,40401,1856.761722)
Edge(50501,40401,789.406989)
Edge(50501,40401,846.0522)
Edge(50501,40401,984.06573)
Edge(50503,0,2297.838763)
Edge(50503,0,600.085464)
Edge(50503,0,301.532002)
Edge(50503,0,925.294184)
Edge(50503,0,83.198898)
Edge(50503,0,220.792193)
Edge(50503,0,637.497604)
Edge(50503,0,299.004424)
Edge(50503,0,322.084906)
Edge(50503,0,570.188833)
Edge(50503,0,129.31057)
Edge(50503,0,259.043637)
Edge(50503,0,190.617515)
Edge(50503,0,333.755724)
Edge(50503,0,735.714099)
Edge(50503,0,468.957985)
Edge(50503,0,1096.373902)
Edge(50503,0,637.085841)
Edge(50503,0,185.566618)
Edge(50503,0,604.834967)
Edge(50504,0,121.509718)
Edge(50504,0,1143.011933)
Edge(50504,0,289.27901)
Edge(50504,0,1298.065029)
Edge(50504,0,988.511069)
Edge(50504,0,314.10669)
Edge(50504,0,354.674899)
Edge(50504,0,159.05586)
Edge(50504,0,152.628232)
Edge(50504,0,202.566011)
Edge(50504,0,115.603213)
Edge(50504,0,849.225883)
Edge(50504,0,661.950475)
Edge(50504,0,357.834903)
Edge(50504,0,714.518953)
Edge(50504,0,1154.540107)
Edge(50504,0,162.444979)
Edge(50504,0,99.034375)
Edge(50504,0,18.917615)
Edge(50504,0,381.163117)
Edge(50504,0,1177.154537)
Edge(50504,0,1770.022115)
Edge(50504,0,544.16506)
Edge(50504,0,2320.109266)
Edge(50504,0,1087.633022)
Edge(50504,0,670.625852)
Edge(50504,0,116.215152)
Edge(50504,0,771.732623)
Edge(50504,0,299.428365)
Edge(50504,0,102.279523)
Edge(50504,0,1963.287934)
Edge(50504,0,576.291392)
Edge(50504,0,128.99951)
Edge(50504,0,98.135641)
Edge(50504,0,466.359658)
Edge(50504,0,1000.932434)
Edge(50504,0,167.506356)
Edge(50504,0,1952.067286)
Edge(50504,0,1948.527081)
Edge(50504,0,1312.954199)
Edge(50504,0,45.247228)
Edge(50504,0,97.583433)
Edge(50504,0,154.295316)
Edge(50504,0,168.068836)
Edge(50504,0,1897.990698)
Edge(50504,0,415.463369)
Edge(50504,0,175.230061)
Edge(50504,0,390.549288)
Edge(50504,0,198.217832)
Edge(50504,0,281.696005)
Edge(50504,0,98.429629)
Edge(50504,0,98.155679)
Edge(50504,0,93.988942)
Edge(50504,0,96.976756)
Edge(50504,0,604.741331)
Edge(50902,50306,1993.248975)
Edge(50902,50306,24.919812)
Edge(50902,50306,364.311109)
Edge(50902,50306,648.812299)
Edge(50902,50306,1012.685347)
Edge(50902,50306,83.133305)
Edge(50902,50306,199.934337)
Edge(50902,50306,488.82028)
Edge(50902,50306,3021.77032)
Edge(50902,50306,652.001331)
Edge(50902,50306,308.978469)
Edge(50902,50306,940.785625)
Edge(50902,50306,104.084015)
Edge(50902,50306,1361.245514)
Edge(50902,50306,1232.917098)
Edge(50902,50901,869.024281)
Edge(50902,50901,814.448722)
Edge(50902,50901,254.772933)
Edge(50902,50901,257.154172)
Edge(50902,50901,647.296045)
Edge(50902,50901,362.02599)
Edge(50902,50901,265.979446)
Edge(50902,50901,62.989729)
Edge(50902,50901,49.07316)
Edge(50902,50901,977.719042)
Edge(50902,50901,493.237999)
Edge(51001,0,713.516337)
Edge(51001,0,1074.100866)
Edge(51001,0,157.580367)
Edge(51001,0,401.919979)
Edge(51001,0,322.397972)
Edge(51001,0,63.557167)
Edge(51001,0,135.913694)
Edge(51001,0,213.356712)
Edge(51001,0,600.438443)
Edge(51001,0,333.217077)
Edge(51001,0,163.797792)
Edge(51001,0,83.560442)
Edge(51001,0,416.96221)
Edge(51001,0,382.381399)
Edge(51001,0,98.240611)
Edge(51001,0,50.692284)
Edge(51001,0,45.404171)
Edge(51001,0,69.624908)
Edge(51001,0,27.493893)
Edge(51001,0,313.885783)
Edge(51001,0,78.639886)
Edge(51001,0,33.713009)
Edge(51001,0,201.729151)
Edge(51001,0,300.822036)
Edge(51001,0,699.500393)
Edge(51001,0,703.070966)
Edge(51001,0,644.263691)
Edge(51001,0,678.261349)
Edge(51001,0,2844.776349)
Edge(51001,0,457.581086)
Edge(51001,0,449.223934)
Edge(51001,0,455.732142)
Edge(51001,0,468.497695)
Edge(51001,0,504.573625)
Edge(51001,0,34.973725)
Edge(51001,0,82.446277)
Edge(51001,0,106.296622)
Edge(51001,0,150.038575)
Edge(51001,0,95.247875)
Edge(51001,0,168.33724)
Edge(51001,0,702.56678)
Edge(51001,0,566.527811)
Edge(51004,0,3111.215576)
Edge(51004,0,3541.655017)
Edge(51004,0,1419.148233)
Edge(51004,0,193.392264)
Edge(51004,0,1026.727786)
Edge(51004,0,148.241671)
Edge(51004,0,811.801393)
Edge(51004,0,906.712772)
Edge(51004,0,299.244212)
Edge(51101,50901,72.665682)
Edge(51101,50901,302.890619)
Edge(51101,50901,165.058821)
Edge(51101,50901,186.512278)
Edge(51101,50901,281.176344)
Edge(51101,50901,530.507937)
Edge(51101,50901,124.560232)
Edge(51101,50901,63.151618)
Edge(51101,50901,25.315124)
Edge(51101,50901,440.112846)
Edge(51101,50901,985.909229)
Edge(51101,50901,128.211733)
Edge(51101,50901,1080.734526)
Edge(51101,50901,1042.556497)
Edge(51101,50901,18.678544)
Edge(51101,50901,36.799929)
Edge(51101,50901,489.17693)
Edge(51101,50901,344.316731)
Edge(51101,50901,117.285007)
Edge(51101,50901,104.560107)
Edge(51101,50901,94.816248)
Edge(51101,50901,2674.849613)
Edge(51101,50901,92.141674)
Edge(51101,50901,125.334213)
Edge(51101,50901,227.060369)
Edge(51101,50901,391.037562)
Edge(51101,50901,339.882941)
Edge(51101,50901,358.461013)
Edge(51101,50901,669.584329)
Edge(51101,50901,330.663887)
Edge(51101,50901,627.255857)
Edge(51101,50901,184.334509)
Edge(51101,50901,148.054298)
Edge(51101,50901,436.371942)
Edge(51101,50901,60.03971)
Edge(51101,50901,819.17373)
Edge(51101,50901,48.250722)
Edge(51101,50901,1116.788825)
Edge(51101,50901,25.720107)
Edge(51101,50901,442.928395)
Edge(51101,50901,1599.355691)
Edge(51101,50901,2358.44245)
Edge(51101,50901,1185.013075)
Edge(51101,50901,302.818362)
Edge(51101,50901,245.698847)
Edge(51101,50901,2270.996025)
Edge(51101,50901,571.492673)
Edge(51101,50901,1777.464569)
Edge(51104,0,53.068491)
Edge(51104,0,414.53636)
Edge(51104,0,218.537649)
Edge(51104,0,237.849176)
Edge(51104,0,765.743485)
Edge(51104,0,105.146493)
Edge(51104,0,488.389064)
Edge(51104,0,62.230671)
Edge(51104,0,216.067705)
Edge(51104,0,156.408521)
Edge(51104,0,81.800489)
Edge(51104,0,25.874123)
Edge(51104,0,158.768107)
Edge(51104,0,97.648522)
Edge(51104,0,106.713886)
Edge(51104,0,352.279906)
Edge(51104,0,286.160411)
Edge(51104,0,1330.337813)
Edge(51104,0,516.511035)
Edge(51104,0,314.30458)
Edge(51104,0,90.435494)
Edge(51104,0,1124.42103)
Edge(51104,0,263.266482)
Edge(51104,0,104.36807)
Edge(51104,0,814.998793)
Edge(51104,0,395.576434)
Edge(51104,0,481.173641)
Edge(51104,0,20.241592)
Edge(51104,0,35.50896)
Edge(51104,0,723.476708)
Edge(51104,0,52.294224)
Edge(51104,0,184.416513)
Edge(51104,0,27.749772)
Edge(51104,0,224.69774)
Edge(51104,0,152.663358)
Edge(51104,0,125.468276)
Edge(51104,0,545.97517)
Edge(51104,0,221.56865)
Edge(51104,0,625.13748)
Edge(51104,0,586.956542)
Edge(51104,0,135.272942)
Edge(51104,0,78.461809)
Edge(51104,0,273.97611)
Edge(51104,0,59.408751)
Edge(51104,0,243.76743)
Edge(51104,0,2025.969445)
Edge(51104,0,49.74432)
Edge(51104,0,384.548152)
Edge(51104,0,76.000332)
Edge(51104,0,225.410481)
Edge(51104,0,1185.55495)
Edge(51104,0,53.967642)
Edge(51104,0,455.695911)
Edge(51104,0,183.690069)
Edge(51104,0,117.498672)
Edge(51104,0,395.455673)
Edge(51104,0,86.728295)
Edge(51104,0,378.91922)
Edge(60105,0,304.109312)
Edge(60105,0,471.402821)
Edge(60105,0,1867.759419)
Edge(60105,0,1372.36952)
Edge(60108,0,97.228138)
Edge(60108,0,97.923804)
Edge(60108,0,94.002767)
Edge(60108,0,148.719993)
Edge(60108,0,121.747355)
Edge(60108,0,128.000685)
Edge(60108,0,83.13043)
Edge(60108,0,136.505786)
Edge(60108,0,102.832055)
Edge(60108,0,110.320204)
Edge(60108,0,102.456784)
Edge(60108,0,89.061951)
Edge(60108,0,73.596868)
Edge(60108,0,111.190416)
Edge(60108,0,58.281269)
Edge(60108,0,137.420464)
Edge(60108,0,63.940922)
Edge(60108,0,117.744485)
Edge(60108,0,111.67382)
Edge(60108,0,115.46971)
Edge(60108,0,115.771303)
Edge(60108,0,113.848994)
Edge(60108,0,119.043117)
Edge(60108,0,117.656584)
Edge(60108,0,116.024933)
Edge(60108,0,115.560136)
Edge(60108,0,117.656796)
Edge(60108,0,104.873951)
Edge(60108,0,23.447417)
Edge(60108,0,19.786184)
Edge(60108,0,99.245468)
Edge(60108,0,79.877586)
Edge(60108,0,103.271368)
Edge(60108,0,47.971022)
Edge(60108,0,326.601045)
Edge(60108,0,89.90906)
Edge(60108,0,369.564176)
Edge(60108,0,105.543816)
Edge(60108,0,77.973757)
Edge(60108,0,98.779946)
Edge(60108,0,94.612298)
Edge(60108,0,45.008905)
Edge(60108,0,232.663394)
Edge(60108,0,150.315901)
Edge(60108,0,118.463433)
Edge(60108,0,72.501122)
Edge(60108,0,113.021444)
Edge(60108,0,208.82212)
Edge(60108,0,81.408702)
Edge(60108,0,111.206865)
Edge(60108,0,10.113007)
Edge(60108,0,102.611553)
Edge(60108,0,90.3495)
Edge(60108,0,53.563182)
Edge(60108,0,49.784887)
Edge(60108,0,98.303551)
Edge(60108,0,14.42449)
Edge(60108,0,20.949702)
Edge(60108,0,52.111563)
Edge(60108,0,236.974971)
Edge(60108,0,127.998392)
Edge(60108,0,178.680997)
Edge(60108,0,56.191764)
Edge(60108,0,100.869177)
Edge(60108,0,279.005062)
Edge(60108,0,291.486841)
Edge(60108,0,35.708578)
Edge(60108,0,172.748737)
Edge(60108,0,311.15348)
Edge(60108,0,72.365792)
Edge(60108,0,96.823301)
Edge(60108,0,58.111854)
Edge(60108,0,77.848106)
Edge(60108,0,259.375619)
Edge(60108,0,45.441655)
Edge(60108,0,78.524265)
Edge(60108,0,1468.647527)
Edge(60108,0,58.153881)
Edge(60108,0,580.175016)
Edge(60108,0,104.870772)
Edge(60108,0,46.697107)
Edge(60108,0,28.849007)
Edge(60108,0,197.275221)
Edge(60108,0,49.495443)
Edge(60108,0,17.847611)
Edge(60108,0,19.886585)
Edge(60108,0,30.700579)
Edge(60108,0,39.472202)
Edge(60108,0,245.627107)
Edge(60108,0,72.365688)
Edge(60108,0,117.320106)
Edge(60108,0,36.250408)
Edge(60108,0,93.22453)
Edge(60108,0,63.594067)
Edge(60108,0,282.884345)
Edge(60108,0,205.035925)
Edge(60108,0,125.014788)
Edge(60108,0,55.962591)
Edge(60108,0,417.548506)
Edge(60108,0,33.936174)
Edge(60108,0,119.155136)
Edge(60108,0,126.59519)
Edge(60108,0,85.755704)
Edge(60108,0,114.753502)
Edge(60108,0,105.947883)
Edge(60108,0,43.603916)
Edge(60108,0,59.208356)
Edge(60108,0,289.471696)
Edge(60108,0,186.409775)
Edge(60108,0,119.513112)
Edge(60108,0,75.655097)
Edge(60108,0,37.279397)
Edge(60108,0,205.0481)
Edge(60108,0,145.844579)
Edge(60108,0,150.229856)
Edge(60108,0,122.695271)
Edge(60108,0,74.768651)
Edge(60108,0,40.568605)
Edge(60108,0,35.086291)
Edge(60108,0,150.213486)
Edge(60108,0,205.035825)
Edge(60108,0,124.995119)
Edge(60108,0,55.918842)
Edge(60108,0,348.92342)
Edge(60108,0,96.123093)
Edge(60108,0,45.248203)
Edge(60108,0,91.479802)
Edge(60108,0,97.357639)
Edge(60108,0,237.993886)
Edge(60108,0,171.330513)
Edge(60108,0,321.496764)
Edge(60108,0,129.27277)
Edge(60108,0,638.652271)
Edge(60108,0,209.76166)
Edge(60108,0,123.284142)
Edge(60108,0,310.10266)
Edge(60108,0,244.446782)
Edge(60111,0,817.665853)
Edge(60111,0,60.405851)
Edge(60111,0,159.044374)
Edge(60111,0,2571.027143)
Edge(60111,0,2997.71202)
Edge(60401,21102,121.075612)
Edge(60401,21102,13.265761)
Edge(60401,21102,126.550302)
Edge(60401,21102,113.719406)
Edge(60401,21102,106.738224)
Edge(60401,21102,114.78485)
Edge(60401,21102,116.680055)
Edge(60401,21102,117.528629)
Edge(60401,21102,368.502058)
Edge(60401,21102,205.970912)
Edge(60401,21102,2436.023635)
Edge(60401,21102,335.197227)
Edge(60401,21102,2390.344988)
Edge(60401,21102,1544.085781)
Edge(60401,21102,1538.255315)
Edge(60401,21102,969.617832)
Edge(60401,21102,121.186752)
Edge(60401,21102,215.504064)
Edge(60401,21102,109.007957)
Edge(60401,21102,1333.083694)
